3.0000000000000000e+02 1.4984868557842261e+00 8.9987778307924349e-01
3.1000000000000000e+02 1.1932797360323428e+00 6.1678389911342624e-01
3.2000000000000000e+02 7.7236187715072346e-01 5.6460072955661234e-01
3.3000000000000000e+02 4.2343546473857369e-01 7.6701332642753939e-01
3.4000000000000000e+02 2.7555461398613762e-01 1.0245486015439154e+00
3.5000000000000000e+02 2.1394196335977594e-01 1.2296200675208826e+00
3.6000000000000000e+02 1.8193645556407065e-01 1.3977578249341420e+00
3.7000000000000000e+02 1.6332513582314911e-01 1.5428996780633202e+00
3.8000000000000000e+02 1.5195156945916971e-01 1.6726152198405002e+00
3.9000000000000000e+02 1.4486447531155558e-01 1.7913214273265521e+00
4.0000000000000000e+02 1.4045358181760856e-01 1.9018260807300615e+00
4.1000000000000000e+02 1.3777352145131933e-01 2.0060278833513325e+00
4.2000000000000000e+02 1.3624300587420277e-01 2.1052682720756337e+00
4.3000000000000000e+02 1.3549292801214471e-01 2.2005262211720962e+00
4.4000000000000000e+02 1.3528319574579226e-01 2.2925344622892596e+00
4.5000000000000000e+02 1.3545461740397097e-01 2.3818528290068857e+00
4.6000000000000000e+02 1.3589994664738633e-01 2.4689165673972777e+00
4.7000000000000000e+02 1.3654593601808027e-01 2.5540692309921869e+00
4.8000000000000000e+02 1.3734195419884943e-01 2.6375856770792994e+00
4.9000000000000000e+02 1.3825262895305598e-01 2.7196884924228777e+00
5.0000000000000000e+02 1.3925301501500001e-01 2.8005599397783225e+00
5.1000000000000000e+02 1.4032537511114349e-01 2.8803507835406830e+00
5.2000000000000000e+02 1.4145700792637020e-01 2.9591869007761527e+00
5.3000000000000000e+02 1.4263876506798329e-01 3.0371742957790548e+00
5.4000000000000000e+02 1.4386402722237390e-01 3.1144029476731179e+00
5.5000000000000000e+02 1.4512798995042558e-01 3.1909497942902969e+00
5.6000000000000000e+02 1.4642716058765626e-01 3.2668810694070158e+00
5.7000000000000000e+02 1.4775900058384003e-01 3.3422541506911871e+00
5.8000000000000000e+02 1.4912166904750088e-01 3.4171190337231394e+00
5.9000000000000000e+02 1.5051383738958884e-01 3.4915195175625025e+00
6.0000000000000000e+02 1.5193455437352868e-01 3.5654941658128800e+00
6.1000000000000000e+02 1.5338314721260748e-01 3.6390770914806687e+00
6.2000000000000000e+02 1.5485914865884318e-01 3.7122986024239895e+00
6.3000000000000000e+02 1.5636224297821072e-01 3.7851857356621919e+00
6.4000000000000000e+02 1.5789222574894562e-01 3.8577627024408199e+00
6.5000000000000000e+02 1.5944897384498050e-01 3.9300512611396350e+00
6.6000000000000000e+02 1.6103242297008752e-01 4.0020710314575254e+00
6.7000000000000000e+02 1.6264255082074155e-01 4.0738397605098120e+00
6.8000000000000000e+02 1.6427936446557367e-01 4.1453735493147690e+00
6.9000000000000000e+02 1.6594289089700620e-01 4.2166870464688069e+00
7.0000000000000000e+02 1.6763316997786876e-01 4.2877936144980122e+00
7.1000000000000000e+02 1.6935024920132935e-01 4.3587054733407520e+00
7.2000000000000000e+02 1.7109417982655886e-01 4.4294338245978908e+00
7.3000000000000000e+02 1.7286501405938742e-01 4.4999889595350258e+00
7.4000000000000000e+02 1.7466280302693379e-01 4.5703803532984217e+00
7.5000000000000000e+02 1.7648759535499267e-01 4.6406167473850628e+00
7.6000000000000000e+02 1.7833943620208839e-01 4.7107062220658467e+00
7.7000000000000000e+02 1.8021836663828833e-01 4.7806562601829929e+00
7.8000000000000000e+02 1.8212442328292808e-01 4.8504738035151780e+00
7.9000000000000000e+02 1.8405763813526410e-01 4.9201653027170114e+00
8.0000000000000000e+02 1.8601803854738264e-01 4.9897367616848820e+00
8.1000000000000000e+02 1.8800564730039898e-01 5.0591937770732152e+00
8.2000000000000000e+02 1.9002048275408195e-01 5.1285415735785023e+00
8.3000000000000000e+02 1.9206255904701885e-01 5.1977850355192627e+00
8.4000000000000000e+02 1.9413188632989695e-01 5.2669287351653358e+00
8.5000000000000000e+02 1.9622847101865759e-01 5.3359769582068139e+00
8.6000000000000000e+02 1.9835231605756681e-01 5.4049337266997650e+00
8.7000000000000000e+02 2.0050342118477704e-01 5.4738028197806434e+00
8.8000000000000000e+02 2.0268178319491503e-01 5.5425877924029630e+00
8.9000000000000000e+02 2.0488739619475482e-01 5.6112919923169864e+00
9.0000000000000000e+02 2.0712025184921509e-01 5.6799185754851660e+00
9.1000000000000000e+02 2.0938033961581071e-01 5.7484705201019750e+00
9.2000000000000000e+02 2.1166764696639823e-01 5.8169506393661123e+00
9.3000000000000000e+02 2.1398215959556380e-01 5.8853615931351193e+00
9.4000000000000000e+02 2.1632386161541323e-01 5.9537058985770566e+00
9.5000000000000000e+02 2.1869273573680495e-01 6.0219859399204356e+00
9.6000000000000000e+02 2.2108876343729891e-01 6.0902039773919832e+00
9.7000000000000000e+02 2.2351192511623533e-01 6.1583621554216315e+00
9.8000000000000000e+02 2.2596220023747399e-01 6.2264625101852964e+00
9.9000000000000000e+02 2.2843956746038685e-01 6.2945069765482060e+00
1.0000000000000000e+03 2.3094400475975166e-01 6.3624973944647820e+00
1.0100000000000000e+03 2.3347548953519884e-01 6.4304355148850929e+00
1.0200000000000000e+03 2.3603399871088157e-01 6.4983230052125842e+00
1.0300000000000000e+03 2.3861950882602304e-01 6.5661614543532316e+00
1.0400000000000000e+03 2.4123199611699089e-01 6.6339523773920899e+00
1.0500000000000000e+03 2.4387143659150115e-01 6.7016972199296179e+00
1.0600000000000000e+03 2.4653780609556461e-01 6.7693973621069281e+00
1.0700000000000000e+03 2.4923108037371761e-01 6.8370541223462427e+00
1.0800000000000000e+03 2.5195123512308315e-01 6.9046687608303072e+00
1.0900000000000000e+03 2.5469824604175872e-01 6.9722424827422183e+00
1.1000000000000000e+03 2.5747208887199141e-01 7.0397764412851256e+00
1.1100000000000000e+03 2.6027273943858964e-01 7.1072717404994465e+00
1.1200000000000000e+03 2.6310017368296662e-01 7.1747294378935864e+00
1.1300000000000000e+03 2.6595436769320130e-01 7.2421505469027476e+00
1.1400000000000000e+03 2.6883529773046161e-01 7.3095360391890694e+00
1.1500000000000000e+03 2.7174294025211704e-01 7.3768868467951831e+00
1.1600000000000000e+03 2.7467727193183222e-01 7.4442038641622164e+00
1.1700000000000000e+03 2.7763826967693023e-01 7.5114879500222909e+00
1.1800000000000000e+03 2.8062591064325959e-01 7.5787399291747528e+00
1.1900000000000000e+03 2.8364017224781196e-01 7.6459605941545634e+00
1.2000000000000000e+03 2.8668103217930579e-01 7.7131507068005769e+00