191.46	2.12305	0.61165
193.05	2.12562	0.62636
194.65	2.13053	0.63792
196.25	2.13713	0.64653
197.84	2.14486	0.65244
199.44	2.15328	0.65588
201.04	2.162	0.65713
202.63	2.17071	0.65645
204.23	2.17917	0.65412
205.83	2.1872	0.65039
207.42	2.19464	0.64551
209.02	2.2014	0.63974
210.62	2.20741	0.63331
212.22	2.21266	0.62642
213.81	2.21713	0.61928
215.41	2.22087	0.61209
217.01	2.22391	0.60501
218.6	2.22634	0.5982
220.2	2.22825	0.59179
221.8	2.22975	0.5859
223.4	2.23097	0.58062
224.99	2.23205	0.57602
226.59	2.23316	0.57216
228.19	2.23445	0.56905
229.79	2.23609	0.56668
231.39	2.23828	0.56501
232.98	2.24117	0.56395
234.58	2.24493	0.5634
236.18	2.2497	0.56319
237.78	2.25561	0.56315
239.38	2.26275	0.56304
240.97	2.27115	0.56263
242.57	2.2808	0.56165
244.17	2.29164	0.55983
245.77	2.30355	0.55692
247.37	2.31633	0.55267
248.97	2.32976	0.54691
250.57	2.34354	0.53947
252.16	2.35738	0.5303
253.76	2.37095	0.51938
255.36	2.38395	0.50676
256.96	2.39609	0.49258
258.56	2.40712	0.47701
260.16	2.41684	0.46026
261.76	2.42511	0.4426
263.36	2.43185	0.42426
264.96	2.43701	0.4055
266.56	2.44063	0.38656
268.15	2.44275	0.36766
269.75	2.44345	0.34897
271.35	2.44284	0.33067
272.95	2.44105	0.31288
274.55	2.43819	0.29569
276.15	2.43441	0.27918
277.75	2.42981	0.26339
279.35	2.42452	0.24837
280.95	2.41865	0.2341
282.55	2.4123	0.2206
284.15	2.40556	0.20786
285.75	2.39851	0.19585
287.35	2.39122	0.18455
288.95	2.38375	0.17393
290.55	2.37617	0.16395
292.15	2.3685	0.15459
293.75	2.3608	0.14581
295.35	2.3531	0.13758
296.95	2.34542	0.12986
298.55	2.33779	0.12263
300.15	2.33023	0.11584
301.75	2.32274	0.10948
303.35	2.31536	0.10352
304.95	2.30808	0.09792
306.55	2.30092	0.09267
308.15	2.29387	0.08773
309.75	2.28695	0.0831
311.35	2.28016	0.07875
312.95	2.2735	0.07465
314.55	2.26697	0.07081
316.15	2.26058	0.06718
317.75	2.25431	0.06377
319.35	2.24817	0.06055
320.95	2.24217	0.05753
322.55	2.23629	0.05467
324.16	2.23053	0.05197
325.76	2.2249	0.04942
327.36	2.21939	0.04702
328.96	2.214	0.04475
330.56	2.20872	0.0426
332.16	2.20355	0.04057
333.76	2.19849	0.03864
335.36	2.19354	0.03682
336.96	2.1887	0.0351
338.56	2.18395	0.03346
340.16	2.1793	0.03191
341.76	2.17475	0.03044
343.36	2.17029	0.02905
344.97	2.16592	0.02773
346.57	2.16163	0.02647
348.17	2.15743	0.02527
349.77	2.15332	0.02414
351.37	2.14928	0.02306
352.97	2.14532	0.02203
354.57	2.14144	0.02106
356.17	2.13762	0.02013
357.77	2.13388	0.01925
359.38	2.13021	0.01841
360.98	2.12661	0.01761
362.58	2.12306	0.01685
364.18	2.11958	0.01613
365.78	2.11617	0.01544
367.38	2.11281	0.01478
368.98	2.1095	0.01416
370.58	2.10626	0.01356
372.19	2.10306	0.013
373.79	2.09992	0.01246
375.39	2.09683	0.01195
376.99	2.09379	0.01146
378.59	2.0908	0.01099
380.19	2.08785	0.01055
381.79	2.08495	0.01013
383.39	2.08209	0.00973
385	2.07928	0.00935
386.6	2.07651	0.00899
388.2	2.07377	0.00864
389.8	2.07108	0.00832
391.4	2.06843	0.00801
393	2.06581	0.00771
394.6	2.06323	0.00744
396.21	2.06068	0.00717
397.81	2.05817	0.00692
399.41	2.05569	0.00669
401.01	2.05325	0.00647
402.61	2.05083	0.00626
404.21	2.04845	0.00606
405.81	2.04609	0.00587
407.42	2.04377	0.0057
409.02	2.04147	0.00553
410.62	2.03921	0.00538
412.22	2.03697	0.00523
413.82	2.03475	0.0051
415.42	2.03257	0.00498
417.02	2.0304	0.00486
418.63	2.02827	0.00475
420.23	2.02615	0.00466
421.83	2.02406	0.00457
423.43	2.02199	0.00449
425.03	2.01995	0.00441
426.63	2.01793	0.00435
428.23	2.01593	0.00429
429.84	2.01395	0.00424
431.44	2.01199	0.00419
433.04	2.01005	0.00415
434.64	2.00813	0.00412
436.24	2.00623	0.00409
437.84	2.00434	0.00407
439.44	2.00248	0.00406
441.05	2.00064	0.00405
442.65	1.99881	0.00405
444.25	1.997	0.00405
445.85	1.99521	0.00406
447.45	1.99344	0.00408
449.05	1.99168	0.00409
450.65	1.98994	0.00412
452.25	1.98822	0.00415
453.86	1.98651	0.00418
455.46	1.98482	0.00422
457.06	1.98314	0.00426
458.66	1.98148	0.00431
460.26	1.97984	0.00436
461.86	1.97822	0.0044
463.46	1.97661	0.00445
465.06	1.97502	0.0045
466.67	1.97344	0.00455
468.27	1.97187	0.0046
469.87	1.97031	0.00465
471.47	1.96877	0.0047
473.07	1.96723	0.00475
474.67	1.96571	0.00481
476.27	1.9642	0.00486
477.87	1.9627	0.00491
479.47	1.96121	0.00496
481.07	1.95973	0.00502
482.67	1.95825	0.00507
484.28	1.95679	0.00512
485.88	1.95534	0.00518
487.48	1.95389	0.00523
489.08	1.95245	0.00529
490.68	1.95102	0.00534
492.28	1.9496	0.0054
493.88	1.94819	0.00546
495.48	1.94678	0.00551
497.08	1.94538	0.00557
498.68	1.94399	0.00563
500.28	1.9426	0.00569
501.88	1.94123	0.00575
503.48	1.93985	0.0058
505.08	1.93849	0.00586
506.68	1.93713	0.00592
508.28	1.93577	0.00598
509.89	1.93442	0.00604
511.49	1.93308	0.00611
513.09	1.93174	0.00617
514.69	1.93041	0.00623
516.29	1.92908	0.00629
517.89	1.92776	0.00635
519.49	1.92644	0.00642
521.09	1.92513	0.00648
522.69	1.92382	0.00654
524.29	1.92252	0.00661
525.89	1.92122	0.00668
527.49	1.91992	0.00674
529.09	1.91863	0.00681
530.69	1.91734	0.00687
532.29	1.91606	0.00694
533.89	1.91478	0.00701
535.49	1.9135	0.00707
537.09	1.91223	0.00714
538.68	1.91096	0.00721
540.28	1.90969	0.00728
541.88	1.90843	0.00735
543.48	1.90717	0.00742
545.08	1.90592	0.00749
546.68	1.90466	0.00756
548.28	1.90341	0.00763
549.88	1.90216	0.0077
551.48	1.90092	0.00778
553.08	1.89968	0.00785
554.68	1.89844	0.00792
556.28	1.8972	0.008
557.88	1.89596	0.00807
559.48	1.89473	0.00814
561.07	1.8935	0.00822
562.67	1.89227	0.0083
564.27	1.89104	0.00837
565.87	1.88982	0.00845
567.47	1.88859	0.00853
569.07	1.88737	0.0086
570.67	1.88615	0.00868
572.27	1.88493	0.00876
573.86	1.88372	0.00884
575.46	1.8825	0.00892
577.06	1.88129	0.009
578.66	1.88008	0.00908
580.26	1.87887	0.00916
581.86	1.87766	0.00924
583.45	1.87645	0.00932
585.05	1.87524	0.00941
586.65	1.87404	0.00949
588.25	1.87283	0.00957
589.85	1.87163	0.00966
591.44	1.87043	0.00974
593.04	1.86922	0.00983
594.64	1.86802	0.00991
596.24	1.86682	0.01
597.83	1.86562	0.01009
599.43	1.86443	0.01017
601.03	1.86323	0.01026
602.63	1.86203	0.01035
604.22	1.86083	0.01044
605.82	1.85964	0.01053
607.42	1.85844	0.01062
609.02	1.85725	0.01071
610.61	1.85605	0.0108
612.21	1.85486	0.01089
613.81	1.85366	0.01099
615.4	1.85247	0.01108
617	1.85128	0.01117
618.6	1.85008	0.01127
620.19	1.84889	0.01136
621.79	1.8477	0.01146
623.39	1.8465	0.01155
624.98	1.84531	0.01165
626.58	1.84412	0.01174
628.18	1.84292	0.01184
629.77	1.84173	0.01194
631.37	1.84054	0.01204
632.96	1.83934	0.01214
634.56	1.83815	0.01224
636.16	1.83696	0.01234
637.75	1.83576	0.01244
639.35	1.83457	0.01254
640.94	1.83337	0.01264
642.54	1.83218	0.01274
644.13	1.83098	0.01285
645.73	1.82979	0.01295
647.32	1.82859	0.01306
648.92	1.82739	0.01316
650.51	1.8262	0.01327
652.11	1.825	0.01337
653.7	1.8238	0.01348
655.3	1.8226	0.01359
656.89	1.8214	0.01369
658.49	1.8202	0.0138
660.08	1.819	0.01391
661.68	1.8178	0.01402
663.27	1.8166	0.01413
664.87	1.81539	0.01424
666.46	1.81419	0.01436
668.05	1.81299	0.01447
669.65	1.81178	0.01458
671.24	1.81057	0.0147
672.84	1.80937	0.01481
674.43	1.80816	0.01493
676.02	1.80695	0.01504
677.62	1.80574	0.01516
679.21	1.80453	0.01527
680.8	1.80332	0.01539
682.4	1.8021	0.01551
683.99	1.80089	0.01563
685.58	1.79967	0.01575
687.18	1.79846	0.01587
688.77	1.79724	0.01599
690.36	1.79602	0.01611
691.96	1.7948	0.01623
693.55	1.79358	0.01636
695.14	1.79236	0.01648
696.73	1.79113	0.01661
698.32	1.78991	0.01673
699.92	1.78869	0.01686
701.51	1.78746	0.01698
703.1	1.78623	0.01711
704.69	1.785	0.01724
706.28	1.78377	0.01737
707.88	1.78254	0.0175
709.47	1.7813	0.01763
711.06	1.78007	0.01776
712.65	1.77883	0.01789
714.24	1.77759	0.01802
715.83	1.77635	0.01815
717.42	1.77511	0.01829
719.02	1.77387	0.01842
720.61	1.77263	0.01856
722.2	1.77138	0.01869
723.79	1.77013	0.01883
725.38	1.76888	0.01897
726.97	1.76763	0.0191
728.56	1.76638	0.01924
730.15	1.76513	0.01938
731.74	1.76387	0.01952
733.33	1.76262	0.01966
734.92	1.76136	0.01981
736.51	1.7601	0.01995
738.1	1.75884	0.02009
739.69	1.75757	0.02024
741.28	1.75631	0.02038
742.87	1.75504	0.02053
744.46	1.75377	0.02067
746.04	1.7525	0.02082
747.63	1.75123	0.02097
749.22	1.74995	0.02112
750.81	1.74868	0.02127
752.4	1.7474	0.02142
753.99	1.74612	0.02157
755.58	1.74484	0.02172
757.16	1.74356	0.02187
758.75	1.74227	0.02202
760.34	1.74098	0.02218
761.93	1.7397	0.02234
763.52	1.7384	0.02249
765.1	1.73711	0.02265
766.69	1.73582	0.0228
768.28	1.73452	0.02296
769.87	1.73322	0.02312
771.45	1.73192	0.02328
773.04	1.73062	0.02344
774.63	1.72931	0.02361
776.21	1.728	0.02377
777.8	1.72669	0.02393
779.39	1.72538	0.0241
780.97	1.72407	0.02426
782.56	1.72275	0.02443
784.14	1.72144	0.02459
785.73	1.72012	0.02476
787.32	1.71879	0.02493
788.9	1.71747	0.0251
790.49	1.71614	0.02527
792.07	1.71482	0.02544
793.66	1.71348	0.02561
795.24	1.71215	0.02579
796.83	1.71082	0.02596
798.41	1.70948	0.02614
800	1.70814	0.02631
801.58	1.7068	0.02649
803.17	1.70545	0.02667
804.75	1.70411	0.02685
806.33	1.70276	0.02702
807.92	1.70141	0.02721
809.5	1.70005	0.02739
811.09	1.6987	0.02757
812.67	1.69734	0.02775
814.25	1.69598	0.02794
815.84	1.69462	0.02812
817.42	1.69325	0.02831
819	1.69189	0.02849
820.58	1.69052	0.02868
822.17	1.68914	0.02887
823.75	1.68777	0.02906
825.33	1.68639	0.02925
826.91	1.68501	0.02944
828.5	1.68363	0.02964
830.08	1.68224	0.02983
831.66	1.68086	0.03002
833.24	1.67947	0.03022
834.82	1.67808	0.03042
836.41	1.67668	0.03061
837.99	1.67528	0.03081
839.57	1.67388	0.03101
841.15	1.67248	0.03121
842.73	1.67108	0.03141
844.31	1.66967	0.03162
845.89	1.66826	0.03182
847.47	1.66685	0.03203
849.05	1.66543	0.03223
850.63	1.66401	0.03244
852.21	1.66259	0.03265
853.79	1.66117	0.03286
855.37	1.65975	0.03307
856.95	1.65832	0.03328
858.53	1.65688	0.03349
860.11	1.65545	0.0337
861.69	1.65402	0.03392
863.26	1.65258	0.03413
864.84	1.65113	0.03435
866.42	1.64969	0.03457
868	1.64824	0.03479
869.58	1.64679	0.035
871.16	1.64534	0.03522
872.73	1.64388	0.03545
874.31	1.64243	0.03567
875.89	1.64096	0.03589
877.47	1.6395	0.03612
879.04	1.63803	0.03635
880.62	1.63656	0.03657
882.2	1.63509	0.0368
883.77	1.63362	0.03703
885.35	1.63214	0.03726
886.93	1.63066	0.0375
888.5	1.62917	0.03773
890.08	1.62769	0.03796
891.65	1.6262	0.0382
893.23	1.6247	0.03844
894.81	1.62321	0.03867
896.38	1.62171	0.03891
897.96	1.62021	0.03915
899.53	1.6187	0.0394
901.11	1.6172	0.03964
902.68	1.61569	0.03988
904.25	1.61417	0.04013
905.83	1.61266	0.04038
907.4	1.61114	0.04062
908.98	1.60962	0.04087
910.55	1.60809	0.04112
912.12	1.60656	0.04137
913.7	1.60503	0.04163
915.27	1.6035	0.04188
916.84	1.60196	0.04213
918.42	1.60042	0.04239
919.99	1.59888	0.04265
921.56	1.59733	0.04291
923.13	1.59578	0.04317
924.7	1.59423	0.04343
926.28	1.59267	0.04369
927.85	1.59111	0.04396
929.42	1.58955	0.04422
930.99	1.58798	0.04449
932.56	1.58641	0.04476
934.13	1.58484	0.04503
935.7	1.58327	0.0453
937.28	1.58169	0.04557
938.85	1.58011	0.04585
940.42	1.57852	0.04612
941.99	1.57693	0.0464
943.56	1.57534	0.04668
945.13	1.57375	0.04695
946.69	1.57215	0.04724
948.26	1.57055	0.04752
949.83	1.56895	0.0478
951.4	1.56734	0.04809
952.97	1.56573	0.04837
954.54	1.56411	0.04866
956.11	1.5625	0.04895
957.68	1.56087	0.04924
959.24	1.55925	0.04953
960.81	1.55762	0.04983
962.38	1.55599	0.05012
963.95	1.55436	0.05042
965.51	1.55272	0.05072
967.08	1.55108	0.05101
968.65	1.54943	0.05132
970.21	1.54779	0.05162
971.78	1.54613	0.05192
973.35	1.54448	0.05223
974.91	1.54282	0.05253
976.48	1.54116	0.05284
978.04	1.53949	0.05315
979.61	1.53782	0.05346
981.17	1.53615	0.05378
982.74	1.53448	0.05409
984.3	1.5328	0.05441
985.87	1.53111	0.05473
987.43	1.52943	0.05505
989	1.52774	0.05537
990.56	1.52604	0.05569
992.12	1.52435	0.05602
993.69	1.52265	0.05634
995.25	1.52094	0.05667
996.81	1.51923	0.057
998.38	1.51752	0.05733
999.94	1.51581	0.05766
1013.38	1.50089	0.0606
1016.81	1.49704	0.06137
1020.24	1.49317	0.06214
1023.67	1.48928	0.06293
1027.09	1.48537	0.06373
1030.52	1.48144	0.06453
1033.95	1.47749	0.06535
1037.38	1.47352	0.06617
1040.81	1.46953	0.06701
1044.23	1.46552	0.06785
1047.66	1.46149	0.06871
1051.09	1.45743	0.06957
1054.52	1.45336	0.07044
1057.95	1.44927	0.07133
1061.37	1.44515	0.07222
1064.8	1.44101	0.07313
1068.23	1.43685	0.07404
1071.66	1.43267	0.07497
1075.09	1.42847	0.07591
1078.51	1.42425	0.07686
1081.94	1.42	0.07782
1085.37	1.41573	0.07879
1088.8	1.41143	0.07978
1092.23	1.40712	0.08077
1095.65	1.40278	0.08178
1099.08	1.39842	0.0828
1102.51	1.39403	0.08383
1105.94	1.38962	0.08488
1109.37	1.38519	0.08594
1112.8	1.38073	0.08701
1116.22	1.37624	0.08809
1119.65	1.37174	0.08919
1123.08	1.36721	0.0903
1126.51	1.36265	0.09143
1129.94	1.35807	0.09257
1133.37	1.35346	0.09373
1136.8	1.34883	0.0949
1140.22	1.34417	0.09608
1143.65	1.33948	0.09728
1147.08	1.33477	0.0985
1150.51	1.33003	0.09973
1153.94	1.32527	0.10097
1157.37	1.32048	0.10224
1160.8	1.31566	0.10352
1164.23	1.31081	0.10481
1167.66	1.30593	0.10613
1171.09	1.30103	0.10746
1174.52	1.2961	0.10881
1177.95	1.29114	0.11018
1181.38	1.28615	0.11156
1184.81	1.28113	0.11297
1188.24	1.27609	0.11439
1191.67	1.27101	0.11583
1195.1	1.26591	0.1173
1198.53	1.26077	0.11878
1201.96	1.2556	0.12029
1205.39	1.25041	0.12181
1208.83	1.24518	0.12336
1212.26	1.23992	0.12493
1215.69	1.23463	0.12652
1219.12	1.22931	0.12814
1222.55	1.22395	0.12978
1225.98	1.21857	0.13144
1229.42	1.21315	0.13312
1232.85	1.2077	0.13483
1236.28	1.20221	0.13657
1239.71	1.19669	0.13833
1243.15	1.19114	0.14012
1246.58	1.18555	0.14194
1250.01	1.17993	0.14378
1253.45	1.17428	0.14565
1256.88	1.16858	0.14755
1260.31	1.16286	0.14949
1263.75	1.1571	0.15145
1267.18	1.1513	0.15344
1270.62	1.14547	0.15546
1274.05	1.1396	0.15752
1277.49	1.13369	0.15961
1280.92	1.12775	0.16173
1284.36	1.12177	0.16389
1287.79	1.11575	0.16608
1291.23	1.10969	0.16831
1294.66	1.1036	0.17057
1298.1	1.09746	0.17288
1301.54	1.09129	0.17522
1304.97	1.08508	0.17761
1308.41	1.07883	0.18003
1311.85	1.07254	0.1825
1315.28	1.06621	0.18501
1318.72	1.05985	0.18757
1322.16	1.05344	0.19017
1325.6	1.04699	0.19282
1329.04	1.0405	0.19551
1332.48	1.03397	0.19826
1335.91	1.0274	0.20105
1339.35	1.02079	0.2039
1342.79	1.01414	0.2068
1346.23	1.00744	0.20976
1349.67	1.00071	0.21277
1353.11	0.99394	0.21584
1356.55	0.98712	0.21897
1360	0.98026	0.22216
1363.44	0.97337	0.22541
1366.88	0.96643	0.22873
1370.32	0.95945	0.23211
1373.76	0.95243	0.23556
1377.2	0.94537	0.23908
1380.65	0.93828	0.24268
1384.09	0.93114	0.24635
1387.53	0.92397	0.25009
1390.98	0.91675	0.25391
1394.42	0.90951	0.25781
1397.87	0.90222	0.2618
1401.31	0.8949	0.26586
1404.76	0.88754	0.27002
1408.2	0.88015	0.27426
1411.65	0.87273	0.2786
1415.09	0.86528	0.28303
1418.54	0.8578	0.28756
1421.99	0.85029	0.29219
1425.43	0.84276	0.29691
1428.88	0.8352	0.30175
1432.33	0.82762	0.30668
1435.78	0.82002	0.31173
1439.22	0.8124	0.31689
1442.67	0.80477	0.32217
1446.12	0.79712	0.32756
1449.57	0.78947	0.33307
1453.02	0.78181	0.3387
1456.47	0.77415	0.34445
1459.92	0.7665	0.35033
1463.37	0.75884	0.35634
1466.83	0.7512	0.36248
1470.28	0.74357	0.36875
1473.73	0.73596	0.37515
1477.18	0.72837	0.38168
1480.64	0.72081	0.38835
1484.09	0.71329	0.39515
1487.54	0.7058	0.40209
1491	0.69836	0.40917
1494.45	0.69096	0.41638
1497.91	0.68362	0.42373
1501.36	0.67634	0.43121
1504.82	0.66913	0.43882
1508.28	0.66199	0.44657
1511.73	0.65492	0.45444
1515.19	0.64794	0.46244
1518.65	0.64104	0.47057
1522.11	0.63424	0.47881
1525.56	0.62754	0.48718
1529.02	0.62094	0.49565
1532.48	0.61445	0.50424
1535.94	0.60806	0.51293
1539.4	0.6018	0.52172
1542.87	0.59565	0.5306
1546.33	0.58963	0.53957
1549.79	0.58373	0.54863
1553.25	0.57795	0.55776
1556.71	0.57231	0.56697
1560.18	0.5668	0.57625
1563.64	0.56141	0.58558
1567.11	0.55617	0.59497
1570.57	0.55105	0.60441
1574.04	0.54607	0.6139
1577.5	0.54122	0.62342
1580.97	0.5365	0.63298
1584.43	0.53192	0.64256
1587.9	0.52746	0.65217
1591.37	0.52314	0.6618
1594.84	0.51894	0.67144
1598.31	0.51487	0.68109
1601.78	0.51092	0.69075
1605.25	0.50709	0.70041
1608.72	0.50338	0.71006
1612.19	0.49979	0.71971
1615.66	0.49631	0.72936
1619.13	0.49295	0.73899
1622.6	0.48969	0.7486
1626.08	0.48654	0.75821
1629.55	0.48349	0.76779
1633.02	0.48055	0.77734
1636.5	0.4777	0.78688
1639.97	0.47494	0.79639
1643.45	0.47228	0.80588
1646.93	0.46971	0.81533
1650.4	0.46723	0.82476
1653.88	0.46484	0.83416
1657.36	0.46252	0.84352
1660.84	0.46029	0.85285
1664.32	0.45813	0.86215
1667.8	0.45605	0.87141
1671.28	0.45404	0.88064
1674.76	0.45211	0.88983
1678.24	0.45024	0.89899
1681.72	0.44844	0.90811
1685.2	0.4467	0.91719
1688.69	0.44503	0.92624