3.0000000000000000e+02 3.5636109999999999e+00 3.1694170000000002e+00
3.1000000000000000e+02 3.8117239999999999e+00 3.0572949999999999e+00
3.2000000000000000e+02 4.0389090000000003e+00 2.9123850000000000e+00
3.3000000000000000e+02 4.2383680000000004e+00 2.7403019999999998e+00
3.4000000000000000e+02 4.4054820000000001e+00 2.5484469999999999e+00
3.5000000000000000e+02 4.5382610000000003e+00 2.3449529999999998e+00
3.6000000000000000e+02 4.6372419999999996e+00 2.1376119999999998e+00
3.7000000000000000e+02 4.7049450000000004e+00 1.9330680000000000e+00
3.8000000000000000e+02 4.7451489999999996e+00 1.7363970000000000e+00
3.9000000000000000e+02 4.7621890000000002e+00 1.5510500000000000e+00
4.0000000000000000e+02 4.7604059999999997e+00 1.3790400000000000e+00
4.1000000000000000e+02 4.7437969999999998e+00 1.2212419999999999e+00
4.2000000000000000e+02 4.7158410000000002e+00 1.0777140000000001e+00
4.3000000000000000e+02 4.6794440000000002e+00 9.4797500000000001e-01
4.4000000000000000e+02 4.6369639999999999e+00 8.3122300000000005e-01
4.5000000000000000e+02 4.5902719999999997e+00 7.2649200000000003e-01
4.6000000000000000e+02 4.5408289999999996e+00 6.3276200000000005e-01
4.7000000000000000e+02 4.4897600000000004e+00 5.4902200000000001e-01
4.8000000000000000e+02 4.4379220000000004e+00 4.7431800000000002e-01
4.9000000000000000e+02 4.3859640000000004e+00 4.0776299999999999e-01
5.0000000000000000e+02 4.3343730000000003e+00 3.4855599999999998e-01
5.1000000000000000e+02 4.2835099999999997e+00 2.9597499999999999e-01
5.2000000000000000e+02 4.2336440000000000e+00 2.4937799999999999e-01
5.3000000000000000e+02 4.1849720000000001e+00 2.0819699999999999e-01
5.4000000000000000e+02 4.1376379999999999e+00 1.7192900000000000e-01
5.5000000000000000e+02 4.0917469999999998e+00 1.4013100000000001e-01
5.6000000000000000e+02 4.0473800000000004e+00 1.1241300000000000e-01
5.7000000000000000e+02 4.0045960000000003e+00 8.8428000000000007e-02
5.8000000000000000e+02 3.9634420000000001e+00 6.7874000000000004e-02
5.9000000000000000e+02 3.9239620000000000e+00 5.0479999999999997e-02
6.0000000000000000e+02 3.8861949999999998e+00 3.6006999999999997e-02
6.1000000000000000e+02 3.8501870000000000e+00 2.4242000000000000e-02
6.2000000000000000e+02 3.8159950000000000e+00 1.4996000000000001e-02
6.3000000000000000e+02 3.7836930000000000e+00 8.0970000000000000e-03
6.4000000000000000e+02 3.7533889999999999e+00 3.3909999999999999e-03
6.5000000000000000e+02 3.7252630000000000e+00 7.3799999999999994e-04
6.6000000000000000e+02 3.6997390000000001e+00 0.0000000000000000e+00
6.7000000000000000e+02 3.6773650000000000e+00 0.0000000000000000e+00
6.8000000000000000e+02 3.6571739999999999e+00 0.0000000000000000e+00
6.9000000000000000e+02 3.6386900000000000e+00 0.0000000000000000e+00
7.0000000000000000e+02 3.6216360000000001e+00 0.0000000000000000e+00
7.1000000000000000e+02 3.6058150000000002e+00 0.0000000000000000e+00
7.2000000000000000e+02 3.5910769999999999e+00 0.0000000000000000e+00
7.3000000000000000e+02 3.5773000000000001e+00 0.0000000000000000e+00
7.4000000000000000e+02 3.5643850000000001e+00 0.0000000000000000e+00
7.5000000000000000e+02 3.5522469999999999e+00 0.0000000000000000e+00
7.6000000000000000e+02 3.5408140000000001e+00 0.0000000000000000e+00
7.7000000000000000e+02 3.5300250000000002e+00 0.0000000000000000e+00
7.8000000000000000e+02 3.5198239999999998e+00 0.0000000000000000e+00
7.9000000000000000e+02 3.5101640000000001e+00 0.0000000000000000e+00
8.0000000000000000e+02 3.5010040000000000e+00 0.0000000000000000e+00
8.1000000000000000e+02 3.4923039999999999e+00 0.0000000000000000e+00
8.2000000000000000e+02 3.4840320000000000e+00 0.0000000000000000e+00
8.3000000000000000e+02 3.4761560000000000e+00 0.0000000000000000e+00
8.4000000000000000e+02 3.4686499999999998e+00 0.0000000000000000e+00
8.5000000000000000e+02 3.4614889999999998e+00 0.0000000000000000e+00
8.6000000000000000e+02 3.4546489999999999e+00 0.0000000000000000e+00
8.7000000000000000e+02 3.4481109999999999e+00 0.0000000000000000e+00
8.8000000000000000e+02 3.4418560000000000e+00 0.0000000000000000e+00
8.9000000000000000e+02 3.4358650000000002e+00 0.0000000000000000e+00
9.0000000000000000e+02 3.4301240000000002e+00 0.0000000000000000e+00
9.1000000000000000e+02 3.4246180000000002e+00 0.0000000000000000e+00
9.2000000000000000e+02 3.4193330000000000e+00 0.0000000000000000e+00
9.3000000000000000e+02 3.4142570000000001e+00 0.0000000000000000e+00
9.4000000000000000e+02 3.4093779999999998e+00 0.0000000000000000e+00
9.5000000000000000e+02 3.4046859999999999e+00 0.0000000000000000e+00
9.6000000000000000e+02 3.4001700000000001e+00 0.0000000000000000e+00
9.7000000000000000e+02 3.3958219999999999e+00 0.0000000000000000e+00
9.8000000000000000e+02 3.3916320000000000e+00 0.0000000000000000e+00
9.9000000000000000e+02 3.3875940000000000e+00 0.0000000000000000e+00
1.0000000000000000e+03 3.3836979999999999e+00 0.0000000000000000e+00
1.0100000000000000e+03 3.3799389999999998e+00 0.0000000000000000e+00
1.0200000000000000e+03 3.3763090000000000e+00 0.0000000000000000e+00
1.0300000000000000e+03 3.3728030000000002e+00 0.0000000000000000e+00
1.0400000000000000e+03 3.3694139999999999e+00 0.0000000000000000e+00
1.0500000000000000e+03 3.3661379999999999e+00 0.0000000000000000e+00
1.0600000000000000e+03 3.3629680000000000e+00 0.0000000000000000e+00
1.0700000000000000e+03 3.3599009999999998e+00 0.0000000000000000e+00
1.0800000000000000e+03 3.3569320000000000e+00 0.0000000000000000e+00
1.0900000000000000e+03 3.3540570000000001e+00 0.0000000000000000e+00
1.1000000000000000e+03 3.3512700000000000e+00 0.0000000000000000e+00
1.1100000000000000e+03 3.3484829999999999e+00 0.0000000000000000e+00
1.1200000000000000e+03 3.3456959999999998e+00 0.0000000000000000e+00
1.1300000000000000e+03 3.3429089999999997e+00 0.0000000000000000e+00
1.1400000000000000e+03 3.3401219999999996e+00 0.0000000000000000e+00
1.1500000000000000e+03 3.3373349999999995e+00 0.0000000000000000e+00
1.1600000000000000e+03 3.3345479999999994e+00 0.0000000000000000e+00
1.1700000000000000e+03 3.3317609999999993e+00 0.0000000000000000e+00
1.1800000000000000e+03 3.3289739999999992e+00 0.0000000000000000e+00
1.1900000000000000e+03 3.3261869999999991e+00 0.0000000000000000e+00
1.2000000000000000e+03 3.3233999999999990e+00 0.0000000000000000e+00
