3.0000000000000000e+02 3.4469630000000002e+00 3.1001240000000001e+00
3.1000000000000000e+02 3.6782610000000000e+00 3.0007790000000001e+00
3.2000000000000000e+02 3.8913890000000002e+00 2.8730120000000001e+00
3.3000000000000000e+02 4.0808980000000004e+00 2.7214309999999999e+00
3.4000000000000000e+02 4.2430060000000003e+00 2.5519699999999998e+00
3.5000000000000000e+02 4.3759119999999996e+00 2.3711449999999998e+00
3.6000000000000000e+02 4.4797320000000003e+00 2.1852870000000002e+00
3.7000000000000000e+02 4.5561550000000004e+00 1.9999490000000000e+00
3.8000000000000000e+02 4.6079359999999996e+00 1.8195570000000001e+00
3.9000000000000000e+02 4.6383929999999998e+00 1.6473210000000000e+00
4.0000000000000000e+02 4.6509809999999998e+00 1.4853179999999999e+00
4.1000000000000000e+02 4.6490020000000003e+00 1.3346819999999999e+00
4.2000000000000000e+02 4.6354300000000004e+00 1.1958249999999999e+00
4.3000000000000000e+02 4.6128340000000003e+00 1.0686480000000000e+00
4.4000000000000000e+02 4.5833690000000002e+00 9.5271399999999995e-01
4.5000000000000000e+02 4.5487989999999998e+00 8.4738599999999997e-01
4.6000000000000000e+02 4.5105449999999996e+00 7.5192400000000004e-01
4.7000000000000000e+02 4.4697380000000004e+00 6.6554899999999995e-01
4.8000000000000000e+02 4.4272669999999996e+00 5.8749399999999996e-01
4.9000000000000000e+02 4.3838270000000001e+00 5.1702499999999996e-01
5.0000000000000000e+02 4.3399549999999998e+00 4.5345700000000000e-01
5.1000000000000000e+02 4.2960669999999999e+00 3.9616200000000001e-01
5.2000000000000000e+02 4.2524810000000004e+00 3.4456999999999999e-01
5.3000000000000000e+02 4.2094399999999998e+00 2.9816700000000002e-01
5.4000000000000000e+02 4.1671269999999998e+00 2.5649300000000003e-01
5.5000000000000000e+02 4.1256810000000002e+00 2.1913600000000000e-01
5.6000000000000000e+02 4.0852089999999999e+00 1.8573000000000001e-01
5.7000000000000000e+02 4.0457900000000002e+00 1.5594800000000000e-01
5.8000000000000000e+02 4.0074829999999997e+00 1.2949900000000000e-01
5.9000000000000000e+02 3.9703349999999999e+00 1.0612300000000000e-01
6.0000000000000000e+02 3.9343830000000000e+00 8.5591000000000000e-02
6.1000000000000000e+02 3.8996590000000002e+00 6.7694000000000004e-02
6.2000000000000000e+02 3.8661900000000000e+00 5.2248000000000003e-02
6.3000000000000000e+02 3.8340049999999999e+00 3.9086000000000003e-02
6.4000000000000000e+02 3.8031329999999999e+00 2.8060999999999999e-02
6.5000000000000000e+02 3.7736109999999998e+00 1.9036000000000001e-02
6.6000000000000000e+02 3.7454830000000001e+00 1.1889000000000000e-02
6.7000000000000000e+02 3.7188110000000001e+00 6.5110000000000012e-03
6.8000000000000000e+02 3.6936800000000001e+00 2.7970000000000000e-03
6.9000000000000000e+02 3.6702290000000000e+00 6.5700000000000003e-04
7.0000000000000000e+02 3.6487660000000002e+00 0.0000000000000000e+00
7.1000000000000000e+02 3.6297890000000002e+00 0.0000000000000000e+00
7.2000000000000000e+02 3.6125720000000001e+00 0.0000000000000000e+00
7.3000000000000000e+02 3.5967319999999998e+00 0.0000000000000000e+00
7.4000000000000000e+02 3.5820490000000000e+00 0.0000000000000000e+00
7.5000000000000000e+02 3.5683690000000001e+00 0.0000000000000000e+00
7.6000000000000000e+02 3.5555729999999999e+00 0.0000000000000000e+00
7.7000000000000000e+02 3.5435680000000001e+00 0.0000000000000000e+00
7.8000000000000000e+02 3.5322740000000001e+00 0.0000000000000000e+00
7.9000000000000000e+02 3.5216229999999999e+00 0.0000000000000000e+00
8.0000000000000000e+02 3.5115599999999998e+00 0.0000000000000000e+00
8.1000000000000000e+02 3.5020340000000001e+00 0.0000000000000000e+00
8.2000000000000000e+02 3.4930020000000002e+00 0.0000000000000000e+00
8.3000000000000000e+02 3.4844260000000000e+00 0.0000000000000000e+00
8.4000000000000000e+02 3.4762710000000001e+00 0.0000000000000000e+00
8.5000000000000000e+02 3.4685069999999998e+00 0.0000000000000000e+00
8.6000000000000000e+02 3.4611070000000002e+00 0.0000000000000000e+00
8.7000000000000000e+02 3.4540449999999998e+00 0.0000000000000000e+00
8.8000000000000000e+02 3.4472990000000001e+00 0.0000000000000000e+00
8.9000000000000000e+02 3.4408490000000000e+00 0.0000000000000000e+00
9.0000000000000000e+02 3.4346770000000002e+00 0.0000000000000000e+00
9.1000000000000000e+02 3.4287640000000001e+00 0.0000000000000000e+00
9.2000000000000000e+02 3.4230960000000001e+00 0.0000000000000000e+00
9.3000000000000000e+02 3.4176579999999999e+00 0.0000000000000000e+00
9.4000000000000000e+02 3.4124370000000002e+00 0.0000000000000000e+00
9.5000000000000000e+02 3.4074200000000001e+00 0.0000000000000000e+00
9.6000000000000000e+02 3.4025970000000001e+00 0.0000000000000000e+00
9.7000000000000000e+02 3.3979569999999999e+00 0.0000000000000000e+00
9.8000000000000000e+02 3.3934899999999999e+00 0.0000000000000000e+00
9.9000000000000000e+02 3.3891870000000002e+00 0.0000000000000000e+00
1.0000000000000000e+03 3.3850389999999999e+00 0.0000000000000000e+00
1.0100000000000000e+03 3.3810400000000000e+00 0.0000000000000000e+00
1.0200000000000000e+03 3.3771810000000002e+00 0.0000000000000000e+00
1.0300000000000000e+03 3.3734560000000000e+00 0.0000000000000000e+00
1.0400000000000000e+03 3.3698570000000001e+00 0.0000000000000000e+00
1.0500000000000000e+03 3.3663799999999999e+00 0.0000000000000000e+00
1.0600000000000000e+03 3.3630190000000000e+00 0.0000000000000000e+00
1.0700000000000000e+03 3.3597679999999999e+00 0.0000000000000000e+00
1.0800000000000000e+03 3.3566220000000002e+00 0.0000000000000000e+00
1.0900000000000000e+03 3.3535759999999999e+00 0.0000000000000000e+00
1.1000000000000000e+03 3.3506269999999998e+00 0.0000000000000000e+00
1.1100000000000000e+03 3.3476779999999997e+00 0.0000000000000000e+00
1.1200000000000000e+03 3.3447289999999996e+00 0.0000000000000000e+00
1.1300000000000000e+03 3.3417799999999995e+00 0.0000000000000000e+00
1.1400000000000000e+03 3.3388309999999994e+00 0.0000000000000000e+00
1.1500000000000000e+03 3.3358819999999993e+00 0.0000000000000000e+00
1.1600000000000000e+03 3.3329329999999993e+00 0.0000000000000000e+00
1.1700000000000000e+03 3.3299839999999992e+00 0.0000000000000000e+00
1.1800000000000000e+03 3.3270349999999991e+00 0.0000000000000000e+00
1.1900000000000000e+03 3.3240859999999990e+00 0.0000000000000000e+00
1.2000000000000000e+03 3.3211369999999989e+00 0.0000000000000000e+00
