3.0000000000000000e+02 3.3329520000000001e+00 2.7506840000000001e+00
3.1000000000000000e+02 3.5500699999999998e+00 2.6459320000000002e+00
3.2000000000000000e+02 3.7449010000000000e+00 2.5139490000000002e+00
3.3000000000000000e+02 3.9125329999999998e+00 2.3609979999999999e+00
3.4000000000000000e+02 4.0503790000000004e+00 2.1942889999999999e+00
3.5000000000000000e+02 4.1582070000000000e+00 2.0209760000000001e+00
3.6000000000000000e+02 4.2377279999999997e+00 1.8473470000000001e+00
3.7000000000000000e+02 4.2919570000000000e+00 1.6783550000000000e+00
3.8000000000000000e+02 4.3245659999999999e+00 1.5175019999999999e+00
3.9000000000000000e+02 4.3393490000000003e+00 1.3669560000000001e+00
4.0000000000000000e+02 4.3398729999999999e+00 1.2278110000000000e+00
4.1000000000000000e+02 4.3292890000000002e+00 1.1003650000000000e+00
4.2000000000000000e+02 4.3102539999999996e+00 9.8438000000000003e-01
4.3000000000000000e+02 4.2849469999999998e+00 8.7928499999999998e-01
4.4000000000000000e+02 4.2551079999999999e+00 7.8432700000000000e-01
4.5000000000000000e+02 4.2221060000000001e+00 6.9867800000000002e-01
4.6000000000000000e+02 4.1870039999999999e+00 6.2149799999999999e-01
4.7000000000000000e+02 4.1506160000000003e+00 5.5197799999999997e-01
4.8000000000000000e+02 4.1135619999999999e+00 4.8936400000000002e-01
4.9000000000000000e+02 4.0763100000000003e+00 4.3296299999999999e-01
5.0000000000000000e+02 4.0392080000000004e+00 3.8215300000000002e-01
5.1000000000000000e+02 4.0025170000000001e+00 3.3637400000000001e-01
5.2000000000000000e+02 3.9664259999999998e+00 2.9513099999999998e-01
5.3000000000000000e+02 3.9310719999999999e+00 2.5798199999999999e-01
5.4000000000000000e+02 3.8965540000000001e+00 2.2453799999999999e-01
5.5000000000000000e+02 3.8629370000000001e+00 1.9445499999999999e-01
5.6000000000000000e+02 3.8302689999999999e+00 1.6742899999999999e-01
5.7000000000000000e+02 3.7985790000000001e+00 1.4319100000000001e-01
5.8000000000000000e+02 3.7678829999999999e+00 1.2150400000000000e-01
5.9000000000000000e+02 3.7381899999999999e+00 1.0215500000000000e-01
6.0000000000000000e+02 3.7095050000000001e+00 8.4959000000000007e-02
6.1000000000000000e+02 3.6818270000000002e+00 6.9748000000000004e-02
6.2000000000000000e+02 3.6551540000000000e+00 5.6372999999999999e-02
6.3000000000000000e+02 3.6294849999999999e+00 4.4701999999999999e-02
6.4000000000000000e+02 3.6048170000000002e+00 3.4615000000000000e-02
6.5000000000000000e+02 3.5811530000000000e+00 2.6005000000000000e-02
6.6000000000000000e+02 3.5584959999999999e+00 1.8776000000000001e-02
6.7000000000000000e+02 3.5368560000000002e+00 1.2840000000000001e-02
6.8000000000000000e+02 3.5162480000000000e+00 8.1169999999999992e-03
6.9000000000000000e+02 3.4967000000000001e+00 4.5360000000000001e-03
7.0000000000000000e+02 3.4782540000000002e+00 2.0290000000000000e-03
7.1000000000000000e+02 3.4609839999999998e+00 5.3700000000000015e-04
7.2000000000000000e+02 3.4450509999999999e+00 2.9999999999999645e-06
7.3000000000000000e+02 3.4308120000000000e+00 0.0000000000000000e+00
7.4000000000000000e+02 3.4178480000000002e+00 0.0000000000000000e+00
7.5000000000000000e+02 3.4058720000000000e+00 0.0000000000000000e+00
7.6000000000000000e+02 3.3947319999999999e+00 0.0000000000000000e+00
7.7000000000000000e+02 3.3843190000000001e+00 0.0000000000000000e+00
7.8000000000000000e+02 3.3745520000000000e+00 0.0000000000000000e+00
7.9000000000000000e+02 3.3653629999999999e+00 0.0000000000000000e+00
8.0000000000000000e+02 3.3566970000000000e+00 0.0000000000000000e+00
8.1000000000000000e+02 3.3485060000000000e+00 0.0000000000000000e+00
8.2000000000000000e+02 3.3407499999999999e+00 0.0000000000000000e+00
8.3000000000000000e+02 3.3333930000000001e+00 0.0000000000000000e+00
8.4000000000000000e+02 3.3264049999999998e+00 0.0000000000000000e+00
8.5000000000000000e+02 3.3197570000000001e+00 0.0000000000000000e+00
8.6000000000000000e+02 3.3134260000000002e+00 0.0000000000000000e+00
8.7000000000000000e+02 3.3073880000000000e+00 0.0000000000000000e+00
8.8000000000000000e+02 3.3016239999999999e+00 0.0000000000000000e+00
8.9000000000000000e+02 3.2961149999999999e+00 0.0000000000000000e+00
9.0000000000000000e+02 3.2908460000000002e+00 0.0000000000000000e+00
9.1000000000000000e+02 3.2858010000000002e+00 0.0000000000000000e+00
9.2000000000000000e+02 3.2809670000000000e+00 0.0000000000000000e+00
9.3000000000000000e+02 3.2763309999999999e+00 0.0000000000000000e+00
9.4000000000000000e+02 3.2718810000000000e+00 0.0000000000000000e+00
9.5000000000000000e+02 3.2676069999999999e+00 0.0000000000000000e+00
9.6000000000000000e+02 3.2634989999999999e+00 0.0000000000000000e+00
9.7000000000000000e+02 3.2595480000000001e+00 0.0000000000000000e+00
9.8000000000000000e+02 3.2557459999999998e+00 0.0000000000000000e+00
9.9000000000000000e+02 3.2520840000000000e+00 0.0000000000000000e+00
1.0000000000000000e+03 3.2485550000000001e+00 0.0000000000000000e+00
1.0100000000000000e+03 3.2451530000000002e+00 0.0000000000000000e+00
1.0200000000000000e+03 3.2418710000000002e+00 0.0000000000000000e+00
1.0300000000000000e+03 3.2387030000000001e+00 0.0000000000000000e+00
1.0400000000000000e+03 3.2356440000000002e+00 0.0000000000000000e+00
1.0500000000000000e+03 3.2326890000000001e+00 0.0000000000000000e+00
1.0600000000000000e+03 3.2298320000000000e+00 0.0000000000000000e+00
1.0700000000000000e+03 3.2270690000000002e+00 0.0000000000000000e+00
1.0800000000000000e+03 3.2243960000000000e+00 0.0000000000000000e+00
1.0900000000000000e+03 3.2218089999999999e+00 0.0000000000000000e+00
1.1000000000000000e+03 3.2193040000000002e+00 0.0000000000000000e+00
1.1100000000000000e+03 3.2167990000000004e+00 0.0000000000000000e+00
1.1200000000000000e+03 3.2142940000000007e+00 0.0000000000000000e+00
1.1300000000000000e+03 3.2117890000000009e+00 0.0000000000000000e+00
1.1400000000000000e+03 3.2092840000000011e+00 0.0000000000000000e+00
1.1500000000000000e+03 3.2067790000000014e+00 0.0000000000000000e+00
1.1600000000000000e+03 3.2042740000000016e+00 0.0000000000000000e+00
1.1700000000000000e+03 3.2017690000000019e+00 0.0000000000000000e+00
1.1800000000000000e+03 3.1992640000000021e+00 0.0000000000000000e+00
1.1900000000000000e+03 3.1967590000000023e+00 0.0000000000000000e+00
1.2000000000000000e+03 3.1942540000000026e+00 0.0000000000000000e+00
