3.0000000000000000e+02 5.0990000000000002e+00 4.2279510000000000e+00
3.1000000000000000e+02 5.1180000000000003e+00 3.6214116000000001e+00
3.2000000000000000e+02 5.1390000000000002e+00 3.3129691999999999e+00
3.3000000000000000e+02 5.2089999999999996e+00 3.1118769999999998e+00
3.4000000000000000e+02 5.3230000000000004e+00 2.9870199999999998e+00
3.5000000000000000e+02 5.5240000000000000e+00 2.9411833000000001e+00
3.6000000000000000e+02 6.0620000000000003e+00 2.9650566999999999e+00
3.7000000000000000e+02 6.9600000000000000e+00 2.0955056999999999e+00
3.8000000000000000e+02 6.6500000000000004e+00 9.1655743000000001e-01
3.9000000000000000e+02 6.0579999999999998e+00 4.4690707000000002e-01
4.0000000000000000e+02 5.6299999999999999e+00 2.8838876000000002e-01
4.1000000000000000e+02 5.3449999999999998e+00 2.1983912999999999e-01
4.2000000000000000e+02 5.1330000000000000e+00 1.7035468000000001e-01
4.3000000000000000e+02 4.9619999999999997e+00 1.3293815000000000e-01
4.4000000000000000e+02 4.8179999999999996e+00 1.0745823400000000e-01
4.5000000000000000e+02 4.6970000000000001e+00 9.3141450000000001e-02
4.6000000000000000e+02 4.5919999999999996e+00 7.9324420000000007e-02
4.7000000000000000e+02 4.5019999999999998e+00 6.8033166000000006e-02
4.8000000000000000e+02 4.4230000000000000e+00 5.8900062000000003e-02
4.9000000000000000e+02 4.3550000000000004e+00 5.1509699999999999e-02
5.0000000000000000e+02 4.2949999999999999e+00 4.5279580000000000e-02
5.1000000000000000e+02 4.2409999999999997e+00 4.0373470000000002e-02
5.2000000000000000e+02 4.1940000000000000e+00 3.6493274999999999e-02
5.3000000000000000e+02 4.1509999999999998e+00 3.3289563000000001e-02
5.4000000000000000e+02 4.1120000000000001e+00 3.0484218000000000e-02
5.5000000000000000e+02 4.0770000000000000e+00 2.8041907000000001e-02
5.6000000000000000e+02 4.0449999999999999e+00 2.5993822000000000e-02
5.7000000000000000e+02 4.0149999999999997e+00 2.4117464000000002e-02
5.8000000000000000e+02 3.9880000000000000e+00 2.2491298999999999e-02
5.9000000000000000e+02 3.9630000000000001e+00 2.1170074000000001e-02
6.0000000000000000e+02 3.9399999999999999e+00 1.9790918000000001e-02
6.1000000000000000e+02 3.9180000000000001e+00 1.8606246999999999e-02
6.2000000000000000e+02 3.8980000000000001e+00 1.7510068000000000e-02
6.3000000000000000e+02 3.8790000000000000e+00 1.6473970000000001e-02
6.4000000000000000e+02 3.8610000000000002e+00 1.5502965000000000e-02
6.5000000000000000e+02 3.8439999999999999e+00 1.4607241000000000e-02
6.6000000000000000e+02 3.8290000000000002e+00 1.3760536000000000e-02
6.7000000000000000e+02 3.8140000000000001e+00 1.2956008000000000e-02
6.8000000000000000e+02 3.7999999999999998e+00 1.2186176000000000e-02
6.9000000000000000e+02 3.7869999999999999e+00 1.1448412999999999e-02
7.0000000000000000e+02 3.7740000000000000e+00 1.0750915999999999e-02
7.1000000000000000e+02 3.7629999999999999e+00 1.0079601000000001e-02
7.2000000000000000e+02 3.7509999999999999e+00 9.4423440000000001e-03
7.3000000000000000e+02 3.7410000000000001e+00 8.8357249999999991e-03
7.4000000000000000e+02 3.7309999999999999e+00 8.2560040000000008e-03
7.5000000000000000e+02 3.7210000000000001e+00 7.7050890000000000e-03
7.6000000000000000e+02 3.7120000000000002e+00 7.1788429999999999e-03
7.7000000000000000e+02 3.7029999999999998e+00 6.6850649999999996e-03
7.8000000000000000e+02 3.6949999999999998e+00 6.2070429999999998e-03
7.9000000000000000e+02 3.6869999999999998e+00 5.7579149999999997e-03
8.0000000000000000e+02 3.6789999999999998e+00 5.3329639999999999e-03
8.1000000000000000e+02 3.6720000000000002e+00 4.9277949999999996e-03
8.2000000000000000e+02 3.6650000000000000e+00 4.5442560000000000e-03
8.3000000000000000e+02 3.6579999999999999e+00 4.1815810000000002e-03
8.4000000000000000e+02 3.6520000000000001e+00 3.8375760000000001e-03
8.5000000000000000e+02 3.6450000000000000e+00 3.5119130000000002e-03
8.6000000000000000e+02 3.6389999999999998e+00 3.2042030000000001e-03
8.7000000000000000e+02 3.6339999999999999e+00 2.9146839999999999e-03
8.8000000000000000e+02 3.6280000000000001e+00 2.6428630000000001e-03
8.9000000000000000e+02 3.6230000000000002e+00 2.3853510000000000e-03
9.0000000000000000e+02 3.6179999999999999e+00 2.1457270000000001e-03
9.1000000000000000e+02 3.6130000000000000e+00 1.9204590000000000e-03
9.2000000000000000e+02 3.6080000000000001e+00 1.7094829999999999e-03
9.3000000000000000e+02 3.6040000000000001e+00 1.5038230000000001e-03
9.4000000000000000e+02 3.5990000000000002e+00 1.3322379999999999e-03
9.5000000000000000e+02 3.5950000000000002e+00 1.1634620000000001e-03
9.6000000000000000e+02 3.5910000000000002e+00 1.0045860000000000e-03
9.7000000000000000e+02 3.5870000000000002e+00 8.6067000000000001e-04
9.8000000000000000e+02 3.5830000000000002e+00 7.3127399999999996e-04
9.9000000000000000e+02 3.5790000000000002e+00 6.1236999999999999e-04
1.0000000000000000e+03 3.5750000000000002e+00 5.0444200000000002e-04
1.0100000000000000e+03 3.5710000000000002e+00 4.0861800000000002e-04
1.0200000000000000e+03 3.5680000000000001e+00 3.2483799999999998e-04
1.0300000000000000e+03 3.5649999999999999e+00 2.4884499999999998e-04
1.0400000000000000e+03 3.5619999999999998e+00 1.8662500000000000e-04
1.0500000000000000e+03 3.5590000000000002e+00 1.3611299999999999e-04
1.0600000000000000e+03 3.5560000000000000e+00 9.7173600000000001e-05
1.0700000000000000e+03 3.5529999999999999e+00 7.1302800000000005e-05
1.0800000000000000e+03 3.5499999999999998e+00 5.4892200000000003e-05
1.0900000000000000e+03 3.5470000000000002e+00 4.1869100000000002e-05
1.1000000000000000e+03 3.5445000000000002e+00 3.1932800000000000e-05
1.1100000000000000e+03 3.5421000000000000e+00 2.4229199999999998e-05
1.1200000000000000e+03 3.5398000000000001e+00 1.8155099999999998e-05
1.1300000000000000e+03 3.5375000000000001e+00 1.3182600000000000e-05
1.1400000000000000e+03 3.5352000000000001e+00 9.1897699999999993e-06
1.1500000000000000e+03 3.5331000000000001e+00 6.0673800000000000e-06
1.1600000000000000e+03 3.5310000000000001e+00 3.7016299999999998e-06
1.1700000000000000e+03 3.5289000000000001e+00 1.9365999999999998e-06
1.1800000000000000e+03 3.5268999999999999e+00 5.9500000000000002e-07
1.1900000000000000e+03 3.5249999999999999e+00 2.5800000000000001e-07
1.2000000000000000e+03 3.5230999999999999e+00 1.5699999999999999e-07
