300	1.729075	0.783747
301	1.732846	0.785846
302	1.736626	0.787891
303	1.740414	0.789882
304	1.744209	0.791821
305	1.74801	0.793707
306	1.751814	0.795542
307	1.755622	0.795542
308	1.759431	0.799059
309	1.763241	0.800743
310	1.76705	0.802379
311	1.770857	0.803966
312	1.774661	0.805507
313	1.778462	0.807001
314	1.782258	0.808451
315	1.786047	0.809856
316	1.78983	0.811218
317	1.793604	0.812537
318	1.79737	0.813816
319	1.801126	0.815055
320	1.804872	0.816255
321	1.808607	0.817417
322	1.81233	0.818543
323	1.81604	0.819633
324	1.819737	0.82069
325	1.823421	0.821714
326	1.82709	0.822706
327	1.830745	0.823668
328	1.834385	0.824601
329	1.838009	0.825506
330	1.841618	0.826386
331	1.845211	0.82724
332	1.848788	0.828071
333	1.85235	0.82888
334	1.855895	0.829669
335	1.859424	0.830437
336	1.862938	0.831188
337	1.866437	0.831923
338	1.86992	0.832642
339	1.873388	0.833346
340	1.876842	0.834039
341	1.880281	0.83472
342	1.883708	0.835391
343	1.887122	0.836053
344	1.890523	0.836707
345	1.893914	0.837355
346	1.897294	0.837997
347	1.900664	0.838636
348	1.904026	0.839271
349	1.90738	0.839903
350	1.910729	0.840535
351	1.914071	0.841166
352	1.91741	0.841797
353	1.920747	0.842429
354	1.924082	0.843063
355	1.927417	0.8437
356	1.930753	0.844339
357	1.934092	0.844981
358	1.937436	0.845627
359	1.940786	0.846276
360	1.944144	0.846929
361	1.94751	0.847586
362	1.950888	0.848247
363	1.954278	0.848912
364	1.957682	0.84958
365	1.961102	0.85025
366	1.964539	0.850924
367	1.967996	0.851599
368	1.971473	0.852275
369	1.974972	0.852952
370	1.978495	0.853628
371	1.982043	0.854302
372	1.985618	0.854973
373	1.989221	0.85564
374	1.992854	0.856302
375	1.996518	0.856957
376	2.000213	0.857603
377	2.003942	0.858239
378	2.007705	0.858863
379	2.011503	0.859472
380	2.015337	0.860066
381	2.019208	0.860642
382	2.023116	0.861198
383	2.027062	0.861731
384	2.031046	0.86224
385	2.035068	0.862722
386	2.039129	0.863176
387	2.043228	0.863597
388	2.047365	0.863985
389	2.05154	0.864336
390	2.055752	0.864648
391	2.060001	0.86492
392	2.064286	0.865147
393	2.068604	0.865329
394	2.072957	0.865462
395	2.077342	0.865545
396	2.081758	0.865575
397	2.086202	0.86555
398	2.090675	0.865467
399	2.095172	0.865325
400	2.099693	0.865123
401	2.104235	0.864857
402	2.108796	0.864527
403	2.113373	0.86413
404	2.117964	0.863666
405	2.122566	0.863133
406	2.127177	0.862531
407	2.131793	0.861857
408	2.136411	0.861112
409	2.141029	0.860294
410	2.145644	0.859404
411	2.150252	0.858441
412	2.154851	0.857404
413	2.159436	0.856295
414	2.164006	0.855114
415	2.168557	0.853861
416	2.173085	0.852536
417	2.177588	0.851141
418	2.182064	0.849677
419	2.186507	0.848145
420	2.190917	0.846547
421	2.19529	0.844884
422	2.199624	0.843158
423	2.203916	0.841371
424	2.208163	0.839526
425	2.212363	0.837624
426	2.216515	0.835668
427	2.220615	0.833661
428	2.224663	0.831605
429	2.228656	0.829503
430	2.232594	0.827359
431	2.236474	0.825174
432	2.240297	0.822953
433	2.24406	0.820698
434	2.247763	0.818413
435	2.251406	0.816101
436	2.254989	0.813764
437	2.258511	0.811407
438	2.261972	0.809033
439	2.265374	0.806645
440	2.268716	0.804246
441	2.272	0.80184
442	2.275227	0.799429
443	2.278397	0.797017
444	2.281513	0.794606
445	2.284576	0.792201
446	2.287588	0.789803
447	2.290552	0.787415
448	2.293471	0.78504
449	2.296346	0.78268
450	2.299182	0.780338
451	2.301982	0.778015
452	2.304751	0.775714
453	2.307493	0.773435
454	2.310215	0.77118
455	2.312925	0.768949
456	2.315642	0.766733
457	2.318355	0.764503
458	2.321048	0.762264
459	2.323717	0.760019
460	2.32636	0.757772
461	2.328976	0.755527
462	2.331566	0.753285
463	2.33413	0.75105
464	2.336668	0.748822
465	2.339182	0.746603
466	2.341674	0.744396
467	2.344145	0.742201
468	2.346596	0.740019
469	2.34903	0.737851
470	2.351447	0.735698
471	2.353851	0.73356
472	2.356242	0.731439
473	2.358624	0.729333
474	2.360997	0.727243
475	2.363364	0.725169
476	2.365726	0.72311
477	2.368087	0.721067
478	2.370446	0.719038
479	2.372807	0.717024
480	2.375171	0.715023
481	2.37754	0.713034
482	2.379915	0.711056
483	2.382298	0.709089
484	2.384691	0.707131
485	2.387094	0.705181
486	2.389511	0.703238
487	2.391941	0.701299
488	2.394386	0.699364
489	2.396847	0.697431
490	2.399325	0.695498
491	2.401822	0.693563
492	2.404337	0.691626
493	2.406872	0.689682
494	2.409428	0.687732
495	2.412004	0.685773
496	2.414602	0.683802
497	2.417222	0.681819
498	2.419863	0.67982
499	2.422527	0.677805
500	2.425213	0.67577
501	2.42792	0.673713
502	2.43065	0.671634
503	2.4334	0.669528
504	2.436172	0.667395
505	2.438964	0.665233
506	2.441777	0.663039
507	2.444608	0.660811
508	2.447457	0.658547
509	2.450324	0.656245
510	2.453206	0.653904
511	2.456104	0.651521
512	2.459015	0.649095
513	2.461939	0.646623
514	2.464873	0.644105
515	2.467816	0.641537
516	2.470767	0.63892
517	2.473724	0.63625
518	2.476684	0.633528
519	2.479647	0.63075
520	2.48261	0.627917
521	2.48557	0.625026
522	2.488526	0.622077
523	2.491475	0.619069
524	2.494416	0.616001
525	2.497345	0.612871
526	2.500261	0.609679
527	2.503161	0.606425
528	2.506042	0.603108
529	2.508903	0.599728
530	2.511739	0.596284
531	2.51455	0.592776
532	2.517332	0.589205
533	2.520082	0.585569
534	2.522798	0.58187
535	2.525478	0.578108
536	2.528118	0.574284
537	2.530716	0.570397
538	2.53327	0.566448
539	2.535777	0.562439
540	2.538234	0.55837
541	2.540638	0.554242
542	2.542988	0.550057
543	2.54528	0.545815
544	2.547513	0.541518
545	2.549685	0.537168
546	2.551792	0.532766
547	2.553832	0.528314
548	2.555804	0.523814
549	2.557706	0.519267
550	2.559535	0.514675
551	2.561289	0.510042
552	2.562967	0.505368
553	2.564567	0.500656
554	2.566087	0.495908
555	2.567526	0.491127
556	2.568882	0.486316
557	2.570154	0.481475
558	2.571341	0.476609
559	2.572442	0.47172
560	2.573455	0.46681
561	2.57438	0.461882
562	2.575216	0.456939
563	2.575963	0.451984
564	2.576619	0.447019
565	2.577184	0.442046
566	2.577658	0.43707
567	2.578041	0.432092
568	2.578332	0.427115
569	2.578532	0.422143
570	2.57864	0.417177
571	2.578658	0.412221
572	2.578584	0.407278
573	2.57842	0.402349
574	2.578165	0.397438
575	2.577821	0.392548
576	2.577389	0.38768
577	2.576868	0.382838
578	2.576261	0.378023
579	2.575567	0.37324
580	2.574787	0.368489
581	2.573924	0.363773
582	2.572978	0.359096
583	2.571949	0.354457
584	2.570841	0.349862
585	2.569653	0.34531
586	2.568388	0.340804
587	2.567046	0.336347
588	2.56563	0.331941
589	2.564141	0.327586
590	2.56258	0.323286
591	2.56095	0.319042
592	2.559252	0.314855
593	2.557487	0.310727
594	2.555657	0.306661
595	2.553765	0.302657
596	2.551812	0.298716
597	2.5498	0.294842
598	2.547731	0.291034
599	2.545607	0.287294
600	2.543429	0.283623
601	2.5412	0.280023
602	2.538922	0.276495
603	2.536596	0.273039
604	2.534225	0.269658
605	2.53181	0.266351
606	2.529354	0.26312
607	2.526859	0.259967
608	2.524326	0.256891
609	2.521758	0.253893
610	2.519157	0.250975
611	2.516525	0.248138
612	2.513864	0.245381
613	2.511176	0.242707
614	2.508463	0.240115
615	2.505728	0.237606
616	2.502972	0.235181
617	2.500198	0.232841
618	2.497408	0.230586
619	2.494605	0.228417
620	2.491791	0.226335
621	2.488967	0.224341
622	2.486137	0.222434
623	2.483303	0.220615
624	2.480468	0.218886
625	2.477633	0.217246
626	2.474803	0.215697
627	2.47198	0.214239
628	2.469166	0.212872
629	2.466365	0.211597
630	2.46358	0.210415
631	2.460815	0.209326
632	2.458072	0.208331
633	2.455357	0.207429
634	2.452672	0.206622
635	2.450021	0.205909
636	2.44741	0.205291
637	2.444844	0.204767
638	2.442326	0.204338
639	2.439862	0.204003
640	2.437459	0.203761
641	2.435122	0.203612
642	2.432858	0.203553
643	2.430672	0.203584
644	2.428574	0.203702
645	2.42657	0.203904
646	2.424669	0.204186
647	2.422879	0.204544
648	2.421208	0.204972
649	2.419665	0.205462
650	2.41826	0.206008
651	2.417002	0.2066
652	2.415899	0.207225
653	2.41496	0.207872
654	2.414191	0.208525
655	2.4136	0.209167
656	2.413192	0.209779
657	2.412969	0.210341
658	2.41293	0.210829
659	2.413074	0.211218
660	2.413394	0.211484
661	2.413878	0.2116
662	2.414511	0.211541
663	2.415272	0.211281
664	2.416136	0.210798
665	2.417072	0.210073
666	2.418045	0.209092
667	2.419018	0.207847
668	2.41995	0.206334
669	2.4208	0.204561
670	2.421527	0.202539
671	2.422094	0.200289
672	2.422466	0.197838
673	2.422615	0.195218
674	2.42252	0.192467
675	2.422167	0.189624
676	2.421548	0.186729
677	2.420663	0.183822
678	2.41952	0.180941
679	2.41813	0.178119
680	2.416513	0.175388
681	2.414687	0.172773
682	2.412677	0.170295
683	2.410506	0.16797
684	2.408199	0.165809
685	2.405781	0.163819
686	2.403274	0.162005
687	2.400701	0.160366
688	2.398082	0.158902
689	2.395435	0.157607
690	2.392776	0.156477
691	2.39012	0.155504
692	2.387479	0.154682
693	2.384864	0.154001
694	2.382284	0.153454
695	2.379748	0.153032
696	2.377261	0.152727
697	2.37483	0.152531
698	2.372458	0.152435
699	2.370149	0.152433
700	2.367907	0.152516
701	2.365732	0.152679
702	2.363628	0.152914
703	2.361595	0.153216
704	2.359634	0.153579
705	2.357747	0.153997
706	2.355933	0.154466
707	2.354194	0.154981
708	2.35253	0.155538
709	2.350941	0.156132
710	2.349432	0.15676
711	2.348006	0.157412
712	2.346656	0.158076
713	2.345378	0.158749
714	2.344167	0.159429
715	2.343021	0.160114
716	2.341937	0.160802
717	2.340914	0.16149
718	2.33995	0.162178
719	2.339042	0.162863
720	2.33819	0.163543
721	2.337393	0.164217
722	2.336648	0.164882
723	2.335954	0.165537
724	2.33531	0.166181
725	2.334715	0.166813
726	2.33417	0.167427
727	2.333668	0.16802
728	2.333208	0.168592
729	2.332784	0.169143
730	2.332396	0.169672
731	2.33204	0.170179
732	2.331716	0.170666
733	2.331422	0.171131
734	2.331156	0.171574
735	2.330916	0.171996
736	2.330702	0.172396
737	2.330512	0.172774
738	2.330344	0.173132
739	2.330198	0.173467
740	2.330072	0.173782
741	2.329965	0.174075
742	2.329877	0.174347
743	2.329805	0.174597
744	2.32975	0.174827
745	2.329709	0.175035
746	2.329683	0.175223
747	2.32967	0.175391
748	2.329669	0.175537
749	2.32968	0.175664
750	2.329701	0.17577
751	2.329732	0.175857
752	2.329772	0.175924
753	2.329821	0.175971
754	2.329877	0.175999
755	2.32994	0.176008
756	2.330009	0.175999
757	2.330083	0.175971
758	2.330163	0.175925
759	2.330246	0.175861
760	2.330333	0.17578
761	2.330423	0.175682
762	2.330515	0.175566
763	2.330609	0.175434
764	2.330704	0.175286
765	2.330801	0.175121
766	2.330897	0.174942
767	2.330993	0.174747
768	2.331089	0.174537
769	2.331184	0.174312
770	2.331277	0.174074
771	2.331368	0.173822
772	2.331457	0.173556
773	2.331544	0.173277
774	2.331627	0.172986
775	2.331707	0.172682
776	2.331784	0.172367
777	2.331856	0.172039
778	2.331924	0.171701
779	2.331988	0.171352
780	2.332047	0.170993
781	2.332102	0.170623
782	2.33215	0.170244
783	2.332194	0.169856
784	2.332232	0.169459
785	2.332264	0.169053
786	2.33229	0.168639
787	2.33231	0.168218
788	2.332323	0.167788
789	2.33233	0.167352
790	2.332331	0.16691
791	2.332325	0.166461
792	2.332312	0.166006
793	2.332293	0.165545
794	2.332266	0.165079
795	2.332233	0.164608
796	2.332192	0.164133
797	2.332144	0.163653
798	2.332089	0.163169
799	2.332027	0.162682
800	2.331958	0.162191
801	2.331882	0.161698
802	2.331798	0.161201
803	2.331707	0.160703
804	2.331609	0.160202
805	2.331503	0.1597
806	2.331391	0.159196
807	2.331271	0.158691
808	2.331144	0.158185
809	2.33101	0.157678
810	2.330869	0.157171
811	2.330721	0.156665
812	2.330566	0.156158
813	2.330405	0.155651
814	2.330236	0.155146
815	2.33006	0.154641
816	2.329878	0.154137
817	2.32969	0.153635
818	2.329494	0.153135
819	2.329293	0.152636
820	2.329085	0.15214
821	2.328871	0.151646
822	2.32865	0.151155
823	2.328424	0.150666
824	2.328192	0.15018
825	2.327954	0.149698
826	2.32771	0.149219
827	2.32746	0.148744
828	2.327205	0.148272
829	2.326945	0.147805
830	2.32668	0.147341
831	2.326409	0.146882
832	2.326133	0.146428
833	2.325853	0.145979
834	2.325568	0.145534
835	2.325278	0.145095
836	2.324984	0.144661
837	2.324685	0.144232
838	2.324383	0.143809
839	2.324076	0.143392
840	2.323766	0.142981
841	2.323451	0.142576
842	2.323133	0.142178
843	2.322812	0.141786
844	2.322488	0.1414
845	2.32216	0.141022
846	2.32183	0.140651
847	2.321497	0.140286
848	2.321162	0.139929
849	2.320823	0.13958
850	2.320483	0.139238
851	2.320141	0.138904
852	2.319797	0.138578
853	2.319452	0.13826
854	2.319105	0.137951
855	2.318757	0.13765
856	2.318408	0.137357
857	2.318058	0.137074
858	2.317708	0.136799
859	2.317357	0.136533
860	2.317007	0.136277
861	2.316656	0.13603
862	2.316307	0.135793
863	2.315958	0.135565
864	2.315609	0.135347
865	2.315263	0.13514
866	2.314918	0.134942
867	2.314574	0.134755
868	2.314234	0.134579
869	2.313895	0.134413
870	2.31356	0.134258
871	2.313228	0.134114
872	2.312899	0.133981
873	2.312575	0.13386
874	2.312255	0.13375
875	2.31194	0.133652
876	2.31163	0.133565
877	2.311326	0.13349
878	2.311028	0.133428
879	2.310737	0.133377
880	2.310454	0.133339
881	2.310178	0.133313
882	2.309911	0.133299
883	2.309653	0.133298
884	2.309404	0.13331
885	2.309166	0.133334
886	2.308939	0.133371
887	2.308723	0.133421
888	2.30852	0.133484
889	2.30833	0.133559
890	2.308154	0.133647
891	2.307993	0.133747
892	2.307848	0.13386
893	2.30772	0.133985
894	2.30761	0.134123
895	2.307518	0.134272
896	2.307446	0.134433
897	2.307394	0.134605
898	2.307364	0.134788
899	2.307358	0.134981
900	2.307376	0.135184
901	2.307419	0.135396
902	2.307489	0.135617
903	2.307586	0.135845
904	2.307714	0.13608
905	2.307871	0.136321
906	2.30806	0.136566
907	2.308283	0.136815
908	2.30854	0.137065
909	2.308833	0.137316
910	2.309162	0.137566
911	2.30953	0.137812
912	2.309938	0.138053
913	2.310386	0.138287
914	2.310876	0.138511
915	2.311408	0.138722
916	2.311984	0.138919
917	2.312604	0.139098
918	2.313268	0.139255
919	2.313977	0.139388
920	2.31473	0.139494
921	2.315528	0.139567
922	2.31637	0.139606
923	2.317255	0.139606
924	2.318182	0.139563
925	2.31915	0.139473
926	2.320156	0.139333
927	2.321198	0.139137
928	2.322273	0.138883
929	2.323378	0.138566
930	2.32451	0.138183
931	2.325663	0.13773
932	2.326835	0.137205
933	2.328019	0.136604
934	2.32921	0.135926
935	2.330403	0.135167
936	2.331591	0.134328
937	2.332768	0.133407
938	2.333929	0.132404
939	2.335065	0.13132
940	2.336171	0.130156
941	2.337241	0.128913
942	2.338267	0.127594
943	2.339245	0.126203
944	2.340167	0.124742
945	2.341029	0.123218
946	2.341826	0.121633
947	2.342554	0.119994
948	2.343208	0.118307
949	2.343786	0.116577
950	2.344285	0.114811
951	2.344704	0.113016
952	2.345041	0.111196
953	2.345295	0.10936
954	2.345468	0.107513
955	2.345559	0.105662
956	2.345571	0.103812
957	2.345504	0.101969
958	2.345361	0.100139
959	2.345145	0.098325
960	2.344858	0.096533
961	2.344505	0.094766
962	2.344087	0.093029
963	2.34361	0.091324
964	2.343077	0.089654
965	2.342491	0.088021
966	2.341856	0.086428
967	2.341177	0.084875
968	2.340457	0.083365
969	2.339699	0.081898
970	2.338907	0.080474
971	2.338085	0.079094
972	2.337236	0.077758
973	2.336362	0.076465
974	2.335468	0.075216
975	2.334555	0.07401
976	2.333626	0.072846
977	2.332684	0.071724
978	2.331731	0.070642
979	2.330769	0.0696
980	2.329801	0.068596
981	2.328827	0.067629
982	2.327849	0.066699
983	2.32687	0.065804
984	2.32589	0.064942
985	2.32491	0.064114
986	2.323933	0.063317
987	2.322958	0.06255
988	2.321987	0.061812
989	2.32102	0.061103
990	2.320058	0.06042
991	2.319103	0.059763
992	2.318153	0.059132
993	2.317211	0.058523
994	2.316276	0.057938
995	2.315349	0.057374
996	2.31443	0.056831
997	2.313519	0.056308
998	2.312617	0.055804
999	2.311723	0.055318
1000	2.310838	0.054
1002.5	2.308666	0.053
1005	2.306552	0.052
1007.5	2.304495	0.051
1010	2.302495	0.050
1012.5	2.300551	0.049
1015	2.298662	0.048
1017.5	2.296828	0.047
1020	2.295045	0.046
1022.5	2.293313	0.045
1025	2.29163	0.044
1027.5	2.289995	0.043
1030	2.288406	0.042
1032.5	2.286863	0.041
1035	2.285365	0.04
1037.5	2.283916	0.039
1040	2.282514	0.033
1042.5	2.281149	0.028
1045	2.279816	0.023
1047.5	2.278512	0.018
1050	2.277234	0.013
1052.5	2.275981	0.008
1055	2.274751	0.003
1057.5	2.273541	0.0