280	1.631345	0
281	1.629797	0
282	1.628279	0
283	1.626789	0
284	1.625327	0
285	1.623892	0
286	1.622482	0
287	1.621097	0
288	1.619736	0
289	1.618398	0
290	1.617082	0
291	1.615788	0
292	1.614516	0
293	1.613263	0
294	1.612031	0
295	1.610818	0
296	1.609623	0
297	1.608447	0
298	1.607288	0
299	1.606147	0
300	1.605022	0
301	1.603914	0
302	1.602821	0
303	1.601744	0
304	1.600682	0
305	1.599634	0
306	1.598601	0
307	1.597582	0
308	1.596576	0
309	1.595584	0
310	1.594604	0
311	1.593637	0
312	1.592683	0
313	1.591741	0
314	1.59081	0
315	1.589891	0
316	1.588983	0
317	1.588086	0
318	1.5872	0
319	1.586325	0
320	1.58546	0
321	1.584605	0
322	1.58376	0
323	1.582924	0
324	1.582098	0
325	1.581282	0
326	1.580474	0
327	1.579675	0
328	1.578886	0
329	1.578104	0
330	1.577331	0
331	1.576567	0
332	1.57581	0
333	1.575061	0
334	1.57432	0
335	1.573587	0
336	1.572861	0
337	1.572143	0
338	1.571432	0
339	1.570728	0
340	1.57003	0
341	1.56934	0
342	1.568656	0
343	1.567979	0
344	1.567308	0
345	1.566644	0
346	1.565986	0
347	1.565334	0
348	1.564688	0
349	1.564048	0
350	1.563414	0
351	1.562786	0
352	1.562163	0
353	1.561545	0
354	1.560934	0
355	1.560327	0
356	1.559726	0
357	1.55913	0
358	1.558539	0
359	1.557953	0
360	1.557372	0
361	1.556795	0
362	1.556224	0
363	1.555657	0
364	1.555095	0
365	1.554537	0
366	1.553984	0
367	1.553436	0
368	1.552891	0
369	1.552351	0
370	1.551815	0
371	1.551283	0
372	1.550756	0
373	1.550232	0
374	1.549712	0
375	1.549196	0
376	1.548684	0
377	1.548176	0
378	1.547672	0
379	1.547171	0
380	1.546674	0
381	1.54618	0
382	1.54569	0
383	1.545203	0
384	1.54472	0
385	1.54424	0
386	1.543763	0
387	1.54329	0
388	1.542819	0
389	1.542352	0
390	1.541889	0
391	1.541428	0
392	1.54097	0
393	1.540515	0
394	1.540063	0
395	1.539614	0
396	1.539168	0
397	1.538725	0
398	1.538285	0
399	1.537847	0
400	1.537412	0
401	1.53698	0
402	1.53655	0
403	1.536123	0
404	1.535699	0
405	1.535277	0
406	1.534857	0
407	1.53444	0
408	1.534026	0
409	1.533613	0
410	1.533204	0
411	1.532796	0
412	1.532391	0
413	1.531988	0
414	1.531588	0
415	1.531189	0
416	1.530793	0
417	1.530399	0
418	1.530007	0
419	1.529617	0
420	1.529229	0
421	1.528844	0
422	1.52846	0
423	1.528078	0
424	1.527698	0
425	1.527321	0
426	1.526945	0
427	1.526571	0
428	1.526199	0
429	1.525828	0
430	1.52546	0
431	1.525093	0
432	1.524728	0
433	1.524365	0
434	1.524004	0
435	1.523644	0
436	1.523286	0
437	1.52293	0
438	1.522575	0
439	1.522222	0
440	1.52187	0
441	1.52152	0
442	1.521172	0
443	1.520825	0
444	1.52048	0
445	1.520136	0
446	1.519794	0
447	1.519453	0
448	1.519114	0
449	1.518776	0
450	1.518439	0
451	1.518104	0
452	1.51777	0
453	1.517438	0
454	1.517107	0
455	1.516777	0
456	1.516449	0
457	1.516122	0
458	1.515796	0
459	1.515471	0
460	1.515148	0
461	1.514826	0
462	1.514505	0
463	1.514186	0
464	1.513867	0
465	1.51355	0
466	1.513234	0
467	1.512919	0
468	1.512605	0
469	1.512292	0
470	1.51198	0
471	1.51167	0
472	1.51136	0
473	1.511052	0
474	1.510745	0
475	1.510438	0
476	1.510133	0
477	1.509829	0
478	1.509526	0
479	1.509223	0
480	1.508922	0
481	1.508622	0
482	1.508322	0
483	1.508024	0
484	1.507726	0
485	1.50743	0
486	1.507134	0
487	1.506839	0
488	1.506545	0
489	1.506252	0
490	1.50596	0
491	1.505669	0
492	1.505378	0
493	1.505089	0
494	1.5048	0
495	1.504512	0
496	1.504225	0
497	1.503938	0
498	1.503653	0
499	1.503368	0
500	1.503084	0
501	1.502801	0
502	1.502518	0
503	1.502236	0
504	1.501955	0
505	1.501675	0
506	1.501395	0
507	1.501116	0
508	1.500838	0
509	1.50056	0
510	1.500283	0
511	1.500007	0
512	1.499731	0
513	1.499457	0
514	1.499182	0
515	1.498909	0
516	1.498635	0
517	1.498363	0
518	1.498091	0
519	1.49782	0
520	1.497549	0
521	1.497279	0
522	1.49701	0
523	1.496741	0
524	1.496473	0
525	1.496205	0
526	1.495938	0
527	1.495671	0
528	1.495405	0
529	1.49514	0
530	1.494875	0
531	1.49461	0
532	1.494346	0
533	1.494082	0
534	1.493819	0
535	1.493557	0
536	1.493295	0
537	1.493033	0
538	1.492772	0
539	1.492512	0
540	1.492252	0
541	1.491992	0
542	1.491733	0
543	1.491474	0
544	1.491215	0
545	1.490957	0
546	1.4907	0
547	1.490443	0
548	1.490186	0
549	1.48993	0
550	1.489674	0
551	1.489419	0
552	1.489164	0
553	1.488909	0
554	1.488655	0
555	1.488401	0
556	1.488147	0
557	1.487894	0
558	1.487641	0
559	1.487389	0
560	1.487137	0
561	1.486885	0
562	1.486633	0
563	1.486382	0
564	1.486132	0
565	1.485881	0
566	1.485631	0
567	1.485381	0
568	1.485132	0
569	1.484883	0
570	1.484634	0
571	1.484385	0
572	1.484137	0
573	1.483889	0
574	1.483641	0
575	1.483394	0
576	1.483147	0
577	1.4829	0
578	1.482653	0
579	1.482407	0
580	1.482161	0
581	1.481915	0
582	1.481669	0
583	1.481424	0
584	1.481179	0
585	1.480934	0
586	1.48069	0
587	1.480445	0
588	1.480201	0
589	1.479957	0
590	1.479714	0
591	1.47947	0
592	1.479227	0
593	1.478984	0
594	1.478741	0
595	1.478498	0
596	1.478256	0
597	1.478014	0
598	1.477772	0
599	1.47753	0
600	1.477288	0
601	1.477047	0
602	1.476805	0
603	1.476564	0
604	1.476323	0
605	1.476083	0
606	1.475842	0
607	1.475601	0
608	1.475361	0
609	1.475121	0
610	1.474881	0
611	1.474641	0
612	1.474402	0
613	1.474162	0
614	1.473923	0
615	1.473683	0
616	1.473444	0
617	1.473205	0
618	1.472966	0
619	1.472728	0
620	1.472489	0
621	1.472251	0
622	1.472012	0
623	1.471774	0
624	1.471536	0
625	1.471298	0
626	1.47106	0
627	1.470822	0
628	1.470584	0
629	1.470347	0
630	1.470109	0
631	1.469872	0
632	1.469634	0
633	1.469397	0
634	1.46916	0
635	1.468923	0
636	1.468686	0
637	1.468449	0
638	1.468212	0
639	1.467975	0
640	1.467738	0
641	1.467502	0
642	1.467265	0
643	1.467029	0
644	1.466792	0
645	1.466556	0
646	1.466319	0
647	1.466083	0
648	1.465847	0
649	1.465611	0
650	1.465375	0
651	1.465139	0
652	1.464903	0
653	1.464666	0
654	1.46443	0
655	1.464195	0
656	1.463959	0
657	1.463723	0
658	1.463487	0
659	1.463251	0
660	1.463015	0
661	1.46278	0
662	1.462544	0
663	1.462308	0
664	1.462072	0
665	1.461837	0
666	1.461601	0
667	1.461365	0
668	1.46113	0
669	1.460894	0
670	1.460658	0
671	1.460423	0
672	1.460187	0
673	1.459952	0
674	1.459716	0
675	1.45948	0
676	1.459244	0
677	1.459009	0
678	1.458773	0
679	1.458537	0
680	1.458302	0
681	1.458066	0
682	1.45783	0
683	1.457595	0
684	1.457359	0
685	1.457123	0
686	1.456887	0
687	1.456651	0
688	1.456416	0
689	1.45618	0
690	1.455944	0
691	1.455708	0
692	1.455472	0
693	1.455236	0
694	1.455	0
695	1.454764	0
696	1.454527	0
697	1.454291	0
698	1.454055	0
699	1.453819	0
700	1.453583	0
701	1.453346	0
702	1.45311	0
703	1.452873	0
704	1.452637	0
705	1.4524	0
706	1.452164	0
707	1.451927	0
708	1.45169	0
709	1.451453	0
710	1.451216	0
711	1.45098	0
712	1.450743	0
713	1.450505	0
714	1.450268	0
715	1.450031	0
716	1.449794	0
717	1.449557	0
718	1.449319	0
719	1.449082	0
720	1.448844	0
721	1.448607	0
722	1.448369	0
723	1.448131	0
724	1.447893	0
725	1.447655	0
726	1.447417	0
727	1.447179	0
728	1.446941	0
729	1.446703	0
730	1.446464	0
731	1.446226	0
732	1.445987	0
733	1.445749	0
734	1.44551	0
735	1.445271	0
736	1.445032	0
737	1.444793	0
738	1.444554	0
739	1.444315	0
740	1.444075	0
741	1.443836	0
742	1.443596	0
743	1.443357	0
744	1.443117	0
745	1.442877	0
746	1.442637	0
747	1.442397	0
748	1.442157	0
749	1.441917	0
750	1.441676	0
751	1.441436	0
752	1.441195	0
753	1.440954	0
754	1.440713	0
755	1.440472	0
756	1.440231	0
757	1.43999	0
758	1.439749	0
759	1.439507	0
760	1.439266	0
761	1.439024	0
762	1.438782	0
763	1.43854	0
764	1.438298	0
765	1.438056	0
766	1.437814	0
767	1.437571	0
768	1.437328	0
769	1.437086	0
770	1.436843	0
771	1.4366	0
772	1.436357	0
773	1.436113	0
774	1.43587	0
775	1.435627	0
776	1.435383	0
777	1.435139	0
778	1.434895	0
779	1.434651	0
780	1.434407	0
781	1.434162	0
782	1.433918	0
783	1.433673	0
784	1.433428	0
785	1.433183	0
786	1.432938	0
787	1.432693	0
788	1.432447	0
789	1.432202	0
790	1.431956	0
791	1.43171	0
792	1.431464	0
793	1.431218	0
794	1.430971	0
795	1.430725	0
796	1.430478	0
797	1.430231	0
798	1.429984	0
799	1.429737	0
800	1.42949	0
801	1.429242	0
802	1.428995	0
803	1.428747	0
804	1.428499	0
805	1.428251	0
806	1.428003	0
807	1.427754	0
808	1.427505	0
809	1.427257	0
810	1.427008	0
811	1.426759	0
812	1.426509	0
813	1.42626	0
814	1.42601	0
815	1.42576	0
816	1.42551	0
817	1.42526	0
818	1.42501	0
819	1.424759	0
820	1.424509	0
821	1.424258	0
822	1.424007	0
823	1.423755	0
824	1.423504	0
825	1.423252	0
826	1.423001	0
827	1.422749	0
828	1.422496	0
829	1.422244	0
830	1.421992	0
831	1.421739	0
832	1.421486	0
833	1.421233	0
834	1.42098	0
835	1.420726	0
836	1.420473	0
837	1.420219	0
838	1.419965	0
839	1.419711	0
840	1.419456	0
841	1.419202	0
842	1.418947	0
843	1.418692	0
844	1.418437	0
845	1.418181	0
846	1.417926	0
847	1.41767	0
848	1.417414	0
849	1.417158	0
850	1.416902	0
851	1.416645	0
852	1.416388	0
853	1.416131	0
854	1.415874	0
855	1.415617	0
856	1.415359	0
857	1.415102	0
858	1.414844	0
859	1.414585	0
860	1.414327	0
861	1.414068	0
862	1.41381	0
863	1.413551	0
864	1.413291	0
865	1.413032	0
866	1.412772	0
867	1.412513	0
868	1.412253	0
869	1.411992	0
870	1.411732	0
871	1.411471	0
872	1.41121	0
873	1.410949	0
874	1.410688	0
875	1.410426	0
876	1.410165	0
877	1.409903	0
878	1.409641	0
879	1.409378	0
880	1.409116	0
881	1.408853	0
882	1.40859	0
883	1.408327	0
884	1.408063	0
885	1.407799	0
886	1.407536	0
887	1.407271	0
888	1.407007	0
889	1.406742	0
890	1.406478	0
891	1.406213	0
892	1.405947	0
893	1.405682	0
894	1.405416	0
895	1.40515	0
896	1.404884	0
897	1.404618	0
898	1.404351	0
899	1.404084	0
900	1.403817	0
901	1.40355	0
902	1.403283	0
903	1.403015	0
904	1.402747	0
905	1.402479	0
906	1.40221	0
907	1.401942	0
908	1.401673	0
909	1.401404	0
910	1.401134	0
911	1.400865	0
912	1.400595	0
913	1.400325	0
914	1.400054	0
915	1.399784	0
916	1.399513	0
917	1.399242	0
918	1.398971	0
919	1.398699	0
920	1.398428	0
921	1.398156	0
922	1.397883	0
923	1.397611	0
924	1.397338	0
925	1.397065	0
926	1.396792	0
927	1.396519	0
928	1.396245	0
929	1.395971	0
930	1.395697	0
931	1.395423	0
932	1.395148	0
933	1.394873	0
934	1.394598	0
935	1.394323	0
936	1.394047	0
937	1.393771	0
938	1.393495	0
939	1.393219	0
940	1.392942	0
941	1.392665	0
942	1.392388	0
943	1.392111	0
944	1.391833	0
945	1.391555	0
946	1.391277	0
947	1.390999	0
948	1.39072	0
949	1.390441	0
950	1.390162	0
951	1.389883	0
952	1.389603	0
953	1.389323	0
954	1.389043	0
955	1.388763	0
956	1.388482	0
957	1.388201	0
958	1.38792	0
959	1.387638	0
960	1.387357	0
961	1.387075	0
962	1.386793	0
963	1.38651	0
964	1.386227	0
965	1.385944	0
966	1.385661	0
967	1.385378	0
968	1.385094	0
969	1.38481	0
970	1.384526	0
971	1.384241	0
972	1.383956	0
973	1.383671	0
974	1.383386	0
975	1.3831	0
976	1.382814	0
977	1.382528	0
978	1.382242	0
979	1.381955	0
980	1.381668	0
981	1.381381	0
982	1.381093	0
983	1.380806	0
984	1.380517	0
985	1.380229	0
986	1.379941	0
987	1.379652	0
988	1.379363	0
989	1.379073	0
990	1.378784	0
991	1.378494	0
992	1.378204	0
993	1.377913	0
994	1.377622	0
995	1.377331	0
996	1.37704	0
997	1.376749	0
998	1.376457	0
999	1.376165	0
1000	1.375872	0
1002.5	1.37514	0
1005	1.374406	0
1007.5	1.373671	0
1010	1.372933	0
1012.5	1.372194	0
1015	1.371453	0
1017.5	1.37071	0
1020	1.369966	0
1022.5	1.36922	0
1025	1.368472	0
1027.5	1.367722	0
1030	1.366971	0
1032.5	1.366217	0
1035	1.365462	0
1037.5	1.364705	0
1040	1.363946	0
1042.5	1.363185	0
1045	1.362423	0
1047.5	1.361659	0
1050	1.360892	0
1052.5	1.360124	0
1055	1.359354	0
1057.5	1.358583	0
1060	1.357809	0
1062.5	1.357034	0
1065	1.356256	0
1067.5	1.355477	0
1070	1.354696	0
1072.5	1.353913	0
1075	1.353128	0
1077.5	1.352341	0
1080	1.351552	0
1082.5	1.350761	0
1085	1.349969	0
1087.5	1.349174	0
1090	1.348377	0
1092.5	1.347579	0
1095	1.346779	0
1097.5	1.345976	0
1100	1.345172	0
1102.5	1.344365	0
1105	1.343557	0
1107.5	1.342747	0
1110	1.341934	0
1112.5	1.34112	0
1115	1.340304	0
1117.5	1.339486	0
1120	1.338665	0
1122.5	1.337843	0
1125	1.337018	0
1127.5	1.336192	0
1130	1.335364	0
1132.5	1.334533	0
1135	1.333701	0
1137.5	1.332866	0
1140	1.332029	0
1142.5	1.331191	0
1145	1.33035	0
1147.5	1.329507	0
1150	1.328662	0
1152.5	1.327815	0
1155	1.326966	0
1157.5	1.326115	0
1160	1.325261	0
1162.5	1.324406	0
1165	1.323548	0
1167.5	1.322688	0
1170	1.321827	0
1172.5	1.320963	0
1175	1.320096	0
1177.5	1.319228	0
1180	1.318358	0
1182.5	1.317485	0
1185	1.31661	0
1187.5	1.315733	0
1190	1.314854	0
1192.5	1.313973	0
1195	1.313089	0
1197.5	1.312204	0
1200	1.311316	0
1202.5	1.310426	0
1205	1.309533	0
1207.5	1.308639	0
1210	1.307742	0
1212.5	1.306843	0
1215	1.305942	0
1217.5	1.305038	0
1220	1.304133	0
1222.5	1.303225	0
1225	1.302314	0
1227.5	1.301402	0
1230	1.300487	0
1232.5	1.29957	0
1235	1.29865	0
1237.5	1.297729	0
1240	1.296805	0
1242.5	1.295878	0
1245	1.29495	0
1247.5	1.294019	0
1250	1.293085	0
1252.5	1.29215	0
1255	1.291212	0
1257.5	1.290272	0
1260	1.289329	0
1262.5	1.288384	0
1265	1.287437	0
1267.5	1.286487	0
1270	1.285535	0
1272.5	1.28458	0
1275	1.283623	0
1277.5	1.282664	0
1280	1.281702	0
1282.5	1.280738	0
1285	1.279772	0
1287.5	1.278803	0
1290	1.277831	0
1292.5	1.276857	0
1295	1.275881	0
1297.5	1.274902	0
1300	1.273921	0
1302.5	1.272937	0
1305	1.271951	0
1307.5	1.270963	0
1310	1.269972	0
1312.5	1.268978	0
1315	1.267982	0
1317.5	1.266983	0
1320	1.265982	0
1322.5	1.264979	0
1325	1.263972	0
1327.5	1.262964	0
1330	1.261953	0
1332.5	1.260939	0
1335	1.259922	0
1337.5	1.258904	0
1340	1.257882	0
1342.5	1.256858	0
1345	1.255831	0
1347.5	1.254802	0
1350	1.25377	0
1352.5	1.252736	0
1355	1.251699	0
1357.5	1.250659	0
1360	1.249617	0
1362.5	1.248572	0
1365	1.247524	0
1367.5	1.246474	0
1370	1.245421	0
1372.5	1.244366	0
1375	1.243307	0
1377.5	1.242247	0
1380	1.241183	0
1382.5	1.240117	0
1385	1.239048	0
1387.5	1.237976	0
1390	1.236902	0
1392.5	1.235824	0
1395	1.234745	0
1397.5	1.233662	0
1400	1.232576	0
1402.5	1.231488	0
1405	1.230397	0
1407.5	1.229304	0
1410	1.228207	0
1412.5	1.227108	0
1415	1.226006	0
1417.5	1.224901	0
1420	1.223793	0
1422.5	1.222683	0
1425	1.22157	0
1427.5	1.220453	0
1430	1.219334	0
1432.5	1.218212	0
1435	1.217088	0
1437.5	1.21596	0
1440	1.214829	0
1442.5	1.213696	0
1445	1.21256	0
1447.5	1.211421	0
1450	1.210278	0
1452.5	1.209133	0
1455	1.207985	0
1457.5	1.206834	0
1460	1.20568	0
1462.5	1.204523	0
1465	1.203364	0
1467.5	1.202201	0
1470	1.201035	0
1472.5	1.199866	0
1475	1.198694	0
1477.5	1.197519	0
1480	1.196341	0
1482.5	1.19516	0
