193	1.605605	0.473371
194	1.660284	0.458234
195	1.69579	0.437914
196	1.71688	0.423152
197	1.735367	0.419504
198	1.76105	0.4196
199	1.793902	0.414777
200	1.828339	0.39937
201	1.857353	0.375142
202	1.878966	0.346146
203	1.893293	0.315487
204	1.901621	0.284921
205	1.90475	0.255068
206	1.903111	0.226509
207	1.897001	0.199889
208	1.886818	0.176068
209	1.873275	0.155958
210	1.857567	0.140439
211	1.841555	0.129534
212	1.826384	0.122327
213	1.812589	0.117914
214	1.800291	0.115472
215	1.789364	0.114526
216	1.779769	0.11476
217	1.77144	0.115868
218	1.764162	0.117629
219	1.757769	0.120134
220	1.752347	0.123531
221	1.748182	0.127946
222	1.745906	0.133279
223	1.745983	0.138781
224	1.748371	0.143634
225	1.752705	0.147096
226	1.758189	0.148664
227	1.764058	0.148525
228	1.769982	0.147004
229	1.775837	0.14439
230	1.781731	0.140898
231	1.787857	0.136376
232	1.794123	0.130521
233	1.800262	0.123063
234	1.805799	0.113766
235	1.809969	0.102739
236	1.812305	0.090531
237	1.812622	0.077669
238	1.810864	0.064637
239	1.807063	0.051889
240	1.801328	0.039859
241	1.793846	0.028967
242	1.784899	0.019628
243	1.774924	0.012253
244	1.764704	0.007087
245	1.754966	0.003786
246	1.746062	0.001889
247	1.738156	0.000945
248	1.731253	0.000517
249	1.725137	0.000264
250	1.719586	0.000111
251	1.714498	0.000033
252	1.709803	0.000004
253	1.705446	0
254	1.701375	0
255	1.697543	0
256	1.693918	0
257	1.690476	0
258	1.687197	0
259	1.684065	0
260	1.681066	0
261	1.678189	0
262	1.675422	0
263	1.672759	0
264	1.670191	0
265	1.667711	0
266	1.665313	0
267	1.662993	0
268	1.660745	0
269	1.658564	0
270	1.656448	0
271	1.654392	0
272	1.652394	0
273	1.650449	0
274	1.648556	0
275	1.646712	0
276	1.644915	0
277	1.643162	0
278	1.641451	0
279	1.639781	0
280	1.638149	0
281	1.636555	0
282	1.634996	0
283	1.633471	0
284	1.631979	0
285	1.630519	0
286	1.629089	0
287	1.627689	0
288	1.626316	0
289	1.62497	0
290	1.623651	0
291	1.622357	0
292	1.621087	0
293	1.619841	0
294	1.618618	0
295	1.617417	0
296	1.616237	0
297	1.615078	0
298	1.613939	0
299	1.612819	0
300	1.611719	0
301	1.610636	0
302	1.609571	0
303	1.608524	0
304	1.607493	0
305	1.606479	0
306	1.60548	0
307	1.604497	0
308	1.603528	0
309	1.602575	0
310	1.601635	0
311	1.600709	0
312	1.599797	0
313	1.598897	0
314	1.598011	0
315	1.597137	0
316	1.596275	0
317	1.595424	0
318	1.594586	0
319	1.593758	0
320	1.592942	0
321	1.592136	0
322	1.59134	0
323	1.590555	0
324	1.58978	0
325	1.589014	0
326	1.588258	0
327	1.587512	0
328	1.586774	0
329	1.586045	0
330	1.585325	0
331	1.584613	0
332	1.58391	0
333	1.583215	0
334	1.582527	0
335	1.581848	0
336	1.581176	0
337	1.580511	0
338	1.579854	0
339	1.579204	0
340	1.578561	0
341	1.577925	0
342	1.577295	0
343	1.576672	0
344	1.576056	0
345	1.575446	0
346	1.574841	0
347	1.574243	0
348	1.573651	0
349	1.573065	0
350	1.572484	0
351	1.571909	0
352	1.57134	0
353	1.570776	0
354	1.570217	0
355	1.569663	0
356	1.569114	0
357	1.568571	0
358	1.568032	0
359	1.567498	0
360	1.566969	0
361	1.566444	0
362	1.565924	0
363	1.565408	0
364	1.564897	0
365	1.56439	0
366	1.563887	0
367	1.563388	0
368	1.562893	0
369	1.562403	0
370	1.561916	0
371	1.561433	0
372	1.560954	0
373	1.560478	0
374	1.560006	0
375	1.559538	0
376	1.559073	0
377	1.558612	0
378	1.558154	0
379	1.557699	0
380	1.557248	0
381	1.5568	0
382	1.556355	0
383	1.555913	0
384	1.555474	0
385	1.555039	0
386	1.554606	0
387	1.554176	0
388	1.553749	0
389	1.553324	0
390	1.552903	0
391	1.552484	0
392	1.552068	0
393	1.551654	0
394	1.551243	0
395	1.550835	0
396	1.550429	0
397	1.550026	0
398	1.549625	0
399	1.549226	0
400	1.548829	0
401	1.548435	0
402	1.548043	0
403	1.547654	0
404	1.547266	0
405	1.546881	0
406	1.546498	0
407	1.546117	0
408	1.545738	0
409	1.545361	0
410	1.544985	0
411	1.544612	0
412	1.544241	0
413	1.543872	0
414	1.543504	0
415	1.543138	0
416	1.542774	0
417	1.542412	0
418	1.542052	0
419	1.541693	0
420	1.541336	0
421	1.54098	0
422	1.540626	0
423	1.540274	0
424	1.539923	0
425	1.539574	0
426	1.539226	0
427	1.53888	0
428	1.538536	0
429	1.538192	0
430	1.53785	0
431	1.53751	0
432	1.537171	0
433	1.536833	0
434	1.536497	0
435	1.536162	0
436	1.535828	0
437	1.535495	0
438	1.535164	0
439	1.534833	0
440	1.534505	0
441	1.534177	0
442	1.53385	0
443	1.533525	0
444	1.5332	0
445	1.532877	0
446	1.532555	0
447	1.532233	0
448	1.531913	0
449	1.531594	0
450	1.531276	0
451	1.530959	0
452	1.530643	0
453	1.530328	0
454	1.530013	0
455	1.5297	0
456	1.529388	0
457	1.529076	0
458	1.528765	0
459	1.528455	0
460	1.528147	0
461	1.527838	0
462	1.527531	0
463	1.527224	0
464	1.526919	0
465	1.526613	0
466	1.526309	0
467	1.526006	0
468	1.525703	0
469	1.525401	0
470	1.525099	0
471	1.524798	0
472	1.524498	0
473	1.524199	0
474	1.5239	0
475	1.523602	0
476	1.523304	0
477	1.523007	0
478	1.52271	0
479	1.522415	0
480	1.522119	0
481	1.521824	0
482	1.52153	0
483	1.521237	0
484	1.520943	0
485	1.520651	0
486	1.520358	0
487	1.520067	0
488	1.519775	0
489	1.519485	0
490	1.519194	0
491	1.518904	0
492	1.518615	0
493	1.518326	0
494	1.518037	0
495	1.517748	0
496	1.517461	0
497	1.517173	0
498	1.516886	0
499	1.516599	0
500	1.516312	0
501	1.516026	0
502	1.51574	0
503	1.515454	0
504	1.515169	0
505	1.514884	0
506	1.514599	0
507	1.514315	0
508	1.51403	0
509	1.513747	0
510	1.513463	0
511	1.513179	0
512	1.512896	0
513	1.512613	0
514	1.51233	0
515	1.512047	0
516	1.511764	0
517	1.511482	0
518	1.5112	0
519	1.510918	0
520	1.510636	0
521	1.510354	0
522	1.510072	0
523	1.509791	0
524	1.509509	0
525	1.509228	0
526	1.508947	0
527	1.508666	0
528	1.508385	0
529	1.508104	0
530	1.507823	0
531	1.507542	0
532	1.507261	0
533	1.50698	0
534	1.506699	0
535	1.506419	0
536	1.506138	0
537	1.505857	0
538	1.505576	0
539	1.505296	0
540	1.505015	0
541	1.504734	0
542	1.504453	0
543	1.504172	0
544	1.503891	0
545	1.50361	0
546	1.503329	0
547	1.503048	0
548	1.502767	0
549	1.502485	0
550	1.502204	0
551	1.501922	0
552	1.501641	0
553	1.501359	0
554	1.501077	0
555	1.500795	0
556	1.500513	0
557	1.50023	0
558	1.499948	0
559	1.499665	0
560	1.499382	0
561	1.499099	0
562	1.498816	0
563	1.498532	0
564	1.498248	0
565	1.497965	0
566	1.49768	0
567	1.497396	0
568	1.497111	0
569	1.496826	0
570	1.496541	0
571	1.496256	0
572	1.49597	0
573	1.495684	0
574	1.495398	0
575	1.495111	0
576	1.494825	0
577	1.494537	0
578	1.49425	0
579	1.493962	0
580	1.493674	0
581	1.493385	0
582	1.493096	0
583	1.492807	0
584	1.492517	0
585	1.492227	0
586	1.491937	0
587	1.491646	0
588	1.491355	0
589	1.491063	0
590	1.490771	0
591	1.490478	0
592	1.490185	0
593	1.489892	0
594	1.489598	0
595	1.489303	0
596	1.489009	0
597	1.488713	0
598	1.488417	0
599	1.488121	0
600	1.487824	0
601	1.487526	0
602	1.487228	0
603	1.486929	0
604	1.48663	0
605	1.48633	0
606	1.48603	0
607	1.485729	0
608	1.485427	0
609	1.485125	0
610	1.484822	0
611	1.484518	0
612	1.484214	0
613	1.483909	0
614	1.483603	0
615	1.483297	0
616	1.48299	0
617	1.482682	0
618	1.482373	0
619	1.482064	0
620	1.481753	0
621	1.481442	0
622	1.48113	0
623	1.480818	0
624	1.480504	0
625	1.480189	0
626	1.479874	0
627	1.479557	0
628	1.47924	0
629	1.478921	0
630	1.478602	0
631	1.478281	0
632	1.47796	0
633	1.477637	0
634	1.477313	0
635	1.476988	0
636	1.476661	0
637	1.476333	0
638	1.476004	0
639	1.475673	0.000001
640	1.47534	0.000001
641	1.475006	0.000002
642	1.474671	0.000004
643	1.474333	0.000006
644	1.473995	0.000008
645	1.473654	0.000011
646	1.473312	0.000014
647	1.472969	0.000018
648	1.472624	0.000023
649	1.472277	0.000029
650	1.471929	0.000035
651	1.471579	0.000042
652	1.471228	0.00005
653	1.470875	0.000059
654	1.47052	0.000069
655	1.470164	0.00008
656	1.469806	0.000092
657	1.469447	0.000106
658	1.469087	0.00012
659	1.468724	0.000136
660	1.468361	0.000152
661	1.467996	0.000171
662	1.46763	0.00019
663	1.467262	0.000211
664	1.466893	0.000233
665	1.466522	0.000257
666	1.466151	0.000282
667	1.465778	0.000309
668	1.465403	0.000337
669	1.465028	0.000367
670	1.464651	0.000399
671	1.464274	0.000432
672	1.463895	0.000467
673	1.463515	0.000503
674	1.463134	0.000541
675	1.462753	0.000581
676	1.46237	0.000623
677	1.461986	0.000666
678	1.461602	0.000711
679	1.461217	0.000758
680	1.460831	0.000807
681	1.460444	0.000857
682	1.460057	0.000909
683	1.459668	0.000963
684	1.45928	0.001019
685	1.45889	0.001077
686	1.4585	0.001136
687	1.458109	0.001197
688	1.457718	0.00126
689	1.457327	0.001325
690	1.456935	0.001392
691	1.456542	0.001461
692	1.456149	0.001531
693	1.455756	0.001604
694	1.455362	0.001678
695	1.454968	0.001755
696	1.454574	0.001833
697	1.45418	0.001913
698	1.453785	0.001995
699	1.45339	0.002079
700	1.452996	0.002165
701	1.452601	0.002253
702	1.452206	0.002343
703	1.451811	0.002434
704	1.451416	0.002528
705	1.451022	0.002624
706	1.450627	0.002721
707	1.450233	0.002821
708	1.44984	0.002923
709	1.449446	0.003026
710	1.449054	0.003132
711	1.448662	0.003239
712	1.44827	0.003349
713	1.44788	0.00346
714	1.44749	0.003572
715	1.447101	0.003686
716	1.446713	0.003802
717	1.446326	0.003919
718	1.44594	0.004038
719	1.445555	0.004158
720	1.44517	0.004279
721	1.444787	0.004401
722	1.444405	0.004525
723	1.444024	0.004649
724	1.443644	0.004774
725	1.443264	0.004901
726	1.442886	0.005028
727	1.442509	0.005156
728	1.442133	0.005285
729	1.441758	0.005414
730	1.441384	0.005544
731	1.44101	0.005675
732	1.440638	0.005806
733	1.440267	0.005938
734	1.439896	0.00607
735	1.439527	0.006202
736	1.439158	0.006335
737	1.438791	0.006468
738	1.438424	0.006601
739	1.438057	0.006734
740	1.437692	0.006868
741	1.437327	0.007001
742	1.436963	0.007134
743	1.4366	0.007268
744	1.436237	0.007401
745	1.435875	0.007534
746	1.435514	0.007667
747	1.435153	0.0078
748	1.434792	0.007932
749	1.434432	0.008064
750	1.434072	0.008196
751	1.433712	0.008327
752	1.433352	0.008458
753	1.432993	0.008589
754	1.432634	0.008719
755	1.432274	0.008848
756	1.431914	0.008977
757	1.431554	0.009106
758	1.431194	0.009234
759	1.430833	0.009362
760	1.430472	0.00949
761	1.430111	0.009617
762	1.429749	0.009745
763	1.429386	0.009872
764	1.429023	0.009998
765	1.42866	0.010125
766	1.428296	0.010251
767	1.427931	0.010377
768	1.427566	0.010504
769	1.427199	0.01063
770	1.426833	0.010756
771	1.426465	0.010881
772	1.426097	0.011007
773	1.425728	0.011133
774	1.425358	0.011259
775	1.424988	0.011385
776	1.424616	0.011511
777	1.424244	0.011637
778	1.423871	0.011763
779	1.423497	0.011889
780	1.423122	0.012016
781	1.422747	0.012142
782	1.42237	0.012269
783	1.421992	0.012396
784	1.421614	0.012523
785	1.421234	0.012651
786	1.420854	0.012778
787	1.420473	0.012906
788	1.42009	0.013034
789	1.419707	0.013163
790	1.419322	0.013291
791	1.418937	0.013421
792	1.41855	0.01355
793	1.418163	0.01368
794	1.417774	0.01381
795	1.417385	0.013941
796	1.416994	0.014072
797	1.416602	0.014203
798	1.416209	0.014335
799	1.415815	0.014467
800	1.41542	0.0146
801	1.415024	0.014733
802	1.414626	0.014867
803	1.414228	0.015001
804	1.413828	0.015136
805	1.413427	0.015272
806	1.413024	0.015408
807	1.412621	0.015544
808	1.412216	0.015682
809	1.41181	0.01582
810	1.411402	0.015958
811	1.410994	0.016098
812	1.410584	0.016238
813	1.410172	0.016379
814	1.40976	0.01652
815	1.409346	0.016663
816	1.408931	0.016806
817	1.408515	0.01695
818	1.408097	0.017095
819	1.407678	0.017241
820	1.407258	0.017388
821	1.406836	0.017536
822	1.406413	0.017685
823	1.405989	0.017835
824	1.405563	0.017986
825	1.405136	0.018137
826	1.404708	0.01829
827	1.404279	0.018444
828	1.403848	0.018599
829	1.403416	0.018755
830	1.402983	0.018913
831	1.402548	0.019071
832	1.402112	0.019231
833	1.401675	0.019391
834	1.401236	0.019553
835	1.400796	0.019717
836	1.400355	0.019881
837	1.399912	0.020046
838	1.399468	0.020213
839	1.399023	0.020381
840	1.398576	0.020551
841	1.398129	0.020722
842	1.397679	0.020894
843	1.397229	0.021067
844	1.396777	0.021242
845	1.396324	0.021418
846	1.395869	0.021595
847	1.395414	0.021774
848	1.394956	0.021954
849	1.394498	0.022136
850	1.394038	0.022319
851	1.393577	0.022504
852	1.393114	0.02269
853	1.39265	0.022877
854	1.392185	0.023066
855	1.391718	0.023257
856	1.39125	0.023449
857	1.39078	0.023643
858	1.390309	0.023838
859	1.389837	0.024034
860	1.389362	0.024233
861	1.388886	0.024432
862	1.388409	0.024634
863	1.38793	0.024837
864	1.387449	0.025043
865	1.386967	0.02525
866	1.386483	0.025459
867	1.385998	0.02567
868	1.38551	0.025883
869	1.385021	0.026098
870	1.384531	0.026316
871	1.384039	0.026535
872	1.383545	0.026757
873	1.38305	0.026981
874	1.382553	0.027208
875	1.382055	0.027437
876	1.381555	0.027668
877	1.381054	0.027902
878	1.380551	0.028138
879	1.380047	0.028377
880	1.379541	0.028619
881	1.379034	0.028863
882	1.378525	0.02911
883	1.378016	0.029359
884	1.377504	0.029612
885	1.376992	0.029867
886	1.376478	0.030125
887	1.375963	0.030386
888	1.375447	0.030651
889	1.37493	0.030918
890	1.374411	0.031188
891	1.373891	0.031461
892	1.37337	0.031737
893	1.372849	0.032016
894	1.372326	0.032299
895	1.371802	0.032585
896	1.371277	0.032874
897	1.370751	0.033166
898	1.370225	0.033462
899	1.369697	0.033761
900	1.369169	0.034063
901	1.36864	0.034369
902	1.368111	0.034678
903	1.36758	0.034991
904	1.36705	0.035307
905	1.366518	0.035627
906	1.365986	0.03595
907	1.365453	0.036277
908	1.36492	0.036608
909	1.364387	0.036942
910	1.363853	0.03728
911	1.363319	0.037621
912	1.362785	0.037967
913	1.362251	0.038316
914	1.361716	0.038669
915	1.361181	0.039025
916	1.360647	0.039386
917	1.360112	0.03975
918	1.359577	0.040118
919	1.359043	0.040491
920	1.358509	0.040867
921	1.357975	0.041247
922	1.357441	0.041631
923	1.356908	0.042019
924	1.356375	0.042411
925	1.355843	0.042807
926	1.355311	0.043207
927	1.354781	0.043611
928	1.354251	0.044018
929	1.353722	0.04443
930	1.353194	0.044846
931	1.352667	0.045265
932	1.352141	0.045688
933	1.351616	0.046116
934	1.351092	0.046546
935	1.350569	0.046981
936	1.350048	0.04742
937	1.349528	0.047862
938	1.349009	0.048307
939	1.348492	0.048757
940	1.347975	0.04921
941	1.347461	0.049667
942	1.346948	0.050127
943	1.346436	0.050592
944	1.345926	0.051059
945	1.345417	0.05153
946	1.344911	0.052005
947	1.344405	0.052483
948	1.343902	0.052965
949	1.3434	0.05345
950	1.3429	0.053939
951	1.342402	0.054431
952	1.341906	0.054927
953	1.341411	0.055425
954	1.340919	0.055928
955	1.340428	0.056433
956	1.339939	0.056942
957	1.339453	0.057455
958	1.338968	0.05797
959	1.338486	0.058489
960	1.338005	0.059011
961	1.337527	0.059537
962	1.337051	0.060065
963	1.336577	0.060597
964	1.336105	0.061132
965	1.335636	0.06167
966	1.335169	0.062211
967	1.334704	0.062755
968	1.334242	0.063303
969	1.333782	0.063853
970	1.333324	0.064407
971	1.332869	0.064963
972	1.332416	0.065523
973	1.331966	0.066085
974	1.331518	0.066651
975	1.331073	0.067219
976	1.33063	0.06779
977	1.33019	0.068365
978	1.329753	0.068942
979	1.329318	0.069522
980	1.328887	0.070105
981	1.328457	0.070691
982	1.328031	0.071279
983	1.327607	0.07187
984	1.327187	0.072465
985	1.326769	0.073061
986	1.326354	0.073661
987	1.325942	0.074263
988	1.325533	0.074868
989	1.325127	0.075476
990	1.324724	0.076086
991	1.324324	0.076699
992	1.323927	0.077314
993	1.323533	0.077932
994	1.323143	0.078553
995	1.322756	0.079176
996	1.322372	0.079802
997	1.321991	0.08043
998	1.321614	0.081061
999	1.321241	0.081694
1000	1.32087	0.082329
1002.5	1.319961	0.083928
1005	1.319074	0.085541
1007.5	1.318212	0.087165
1010	1.317373	0.088802
1012.5	1.316558	0.090449
1015	1.315768	0.092105
1017.5	1.315003	0.093771
1020	1.314263	0.095444
1022.5	1.313547	0.097124
1025	1.312856	0.09881
1027.5	1.31219	0.100501
1030	1.311549	0.102197
1032.5	1.310932	0.103896
1035	1.31034	0.105598
1037.5	1.309772	0.107302
1040	1.309229	0.109008
1042.5	1.30871	0.110714
1045	1.308214	0.112419
1047.5	1.307742	0.114125
1050	1.307293	0.115828
1052.5	1.306867	0.11753
1055	1.306464	0.119229
1057.5	1.306084	0.120924
1060	1.305725	0.122616
1062.5	1.305389	0.124303
1065	1.305073	0.125985
1067.5	1.304779	0.127661
1070	1.304505	0.129332
1072.5	1.304251	0.130996
1075	1.304018	0.132652
1077.5	1.303803	0.134302
1080	1.303607	0.135943
1082.5	1.30343	0.137575
1085	1.303271	0.139199
1087.5	1.303129	0.140814
1090	1.303003	0.142419
1092.5	1.302894	0.144015
1095	1.3028	0.1456
1097.5	1.302721	0.147176
1100	1.302657	0.148741
1102.5	1.302607	0.150296
1105	1.30257	0.151841
1107.5	1.302547	0.153376
1110	1.302537	0.1549
1112.5	1.30254	0.156414
1115	1.302555	0.157917
1117.5	1.302581	0.159409
1120	1.302619	0.160891
1122.5	1.302669	0.162361
1125	1.302729	0.163821
1127.5	1.302799	0.165269
1130	1.30288	0.166707
1132.5	1.30297	0.168133
1135	1.30307	0.169549
1137.5	1.303179	0.170953
1140	1.303297	0.172346
1142.5	1.303423	0.173727
1145	1.303557	0.175098
1147.5	1.303699	0.176457
1150	1.303849	0.177804
1152.5	1.304006	0.179141
1155	1.30417	0.180466
1157.5	1.304341	0.181779
1160	1.304518	0.183081
1162.5	1.3047	0.184372
1165	1.304889	0.185652
1167.5	1.305083	0.18692
1170	1.305282	0.188176
1172.5	1.305485	0.189422
1175	1.305694	0.190656
1177.5	1.305906	0.191878
1180	1.306122	0.19309
1182.5	1.306341	0.19429
1185	1.306564	0.195479
1187.5	1.306789	0.196657
1190	1.307017	0.197823
1192.5	1.307247	0.198979
1195	1.307478	0.200123
1197.5	1.30771	0.201257
1200	1.307943	0.20238
1202.5	1.308176	0.203493
1205	1.308409	0.204596
1207.5	1.308642	0.20569
1210	1.308874	0.206775
1212.5	1.309106	0.207851
1215	1.309337	0.208918
1217.5	1.309567	0.209978
1220	1.309796	0.211029
1222.5	1.310024	0.212072
1225	1.31025	0.213108
1227.5	1.310476	0.214137
1230	1.3107	0.215159
1232.5	1.310922	0.216175
1235	1.311143	0.217184
1237.5	1.311363	0.218187
1240	1.311581	0.219183
1242.5	1.311797	0.220174
1245	1.312012	0.22116
1247.5	1.312225	0.22214
1250	1.312437	0.223115
1252.5	1.312647	0.224085
1255	1.312855	0.225051
1257.5	1.313062	0.226012
1260	1.313268	0.226968
1262.5	1.313472	0.227921
1265	1.313674	0.228869
1267.5	1.313875	0.229814
1270	1.314074	0.230755
1272.5	1.314272	0.231692
1275	1.314469	0.232626
1277.5	1.314665	0.233557
1280	1.314859	0.234484
1282.5	1.315052	0.235409
1285	1.315245	0.236331
1287.5	1.315436	0.237251
1290	1.315626	0.238167
1292.5	1.315815	0.239082
1295	1.316004	0.239994
1297.5	1.316192	0.240904
1300	1.31638	0.241812
1302.5	1.316567	0.242718
1305	1.316754	0.243622
1307.5	1.31694	0.244524
1310	1.317127	0.245425
1312.5	1.317313	0.246324
1315	1.3175	0.247222
1317.5	1.317687	0.248118
1320	1.317875	0.249013
1322.5	1.318063	0.249907
1325	1.318252	0.250799
1327.5	1.318443	0.25169
1330	1.318635	0.25258
1332.5	1.31883	0.253468
1335	1.319025	0.254354
1337.5	1.319223	0.255238
1340	1.319422	0.25612
1342.5	1.319624	0.257
1345	1.319827	0.257877
1347.5	1.320032	0.258752
1350	1.32024	0.259625
1352.5	1.320449	0.260494
1355	1.32066	0.261361
1357.5	1.320874	0.262225
1360	1.321089	0.263085
1362.5	1.321306	0.263943
1365	1.321526	0.264797
1367.5	1.321747	0.265648
1370	1.32197	0.266496
1372.5	1.322194	0.26734
1375	1.322421	0.26818
1377.5	1.322649	0.269017
1380	1.322879	0.26985
1382.5	1.32311	0.270679
1385	1.323343	0.271505
1387.5	1.323577	0.272326
1390	1.323813	0.273143
1392.5	1.32405	0.273957
1395	1.324288	0.274766
1397.5	1.324528	0.275571
1400	1.324769	0.276371
1402.5	1.32501	0.277168
1405	1.325253	0.27796
1407.5	1.325496	0.278747
1410	1.32574	0.279531
1412.5	1.325985	0.280309
1415	1.32623	0.281083
1417.5	1.326476	0.281853
1420	1.326723	0.282618
1422.5	1.326969	0.283378
1425	1.327216	0.284134
1427.5	1.327463	0.284885
1430	1.32771	0.285631
1432.5	1.327956	0.286373
1435	1.328203	0.28711
1437.5	1.328449	0.287842
1440	1.328695	0.288569
1442.5	1.32894	0.289292
1445	1.329185	0.290009
1447.5	1.329429	0.290722
1450	1.329672	0.29143
1452.5	1.329914	0.292133
1455	1.330154	0.292831
1457.5	1.330394	0.293525
1460	1.330632	0.294213
1462.5	1.330868	0.294897
1465	1.331103	0.295576
1467.5	1.331336	0.29625
1470	1.331567	0.296919
1472.5	1.331795	0.297583
1475	1.332021	0.298243
1477.5	1.332245	0.298898
1480	1.332466	0.299548
1482.5	1.332683	0.300193
