194	1.622487	0.511133
195	1.627875	0.522632
196	1.634427	0.533419
197	1.642058	0.543387
198	1.650669	0.552432
199	1.660144	0.560465
200	1.670351	0.567409
201	1.681145	0.573205
202	1.692372	0.577816
203	1.703871	0.581229
204	1.715484	0.583457
205	1.727055	0.584536
206	1.738439	0.584529
207	1.749507	0.583518
208	1.760147	0.581605
209	1.770273	0.578902
210	1.779817	0.575531
211	1.78874	0.571619
212	1.797022	0.567287
213	1.804667	0.562654
214	1.811696	0.557826
215	1.818146	0.552899
216	1.824065	0.547954
217	1.82951	0.543056
218	1.834542	0.538259
219	1.839226	0.533598
220	1.843624	0.529098
221	1.847796	0.52477
222	1.851801	0.520615
223	1.855687	0.516627
224	1.859501	0.512791
225	1.86328	0.509086
226	1.867056	0.505488
227	1.870853	0.501971
228	1.87469	0.498507
229	1.878579	0.495065
230	1.882524	0.491619
231	1.886529	0.48814
232	1.890588	0.484605
233	1.894695	0.480988
234	1.898837	0.477272
235	1.903003	0.473437
236	1.907176	0.469471
237	1.91134	0.465362
238	1.915475	0.461102
239	1.919564	0.456687
240	1.923588	0.452115
241	1.927528	0.447387
242	1.931368	0.442505
243	1.935091	0.437477
244	1.938682	0.432309
245	1.942127	0.427011
246	1.945413	0.421594
247	1.948532	0.41607
248	1.951472	0.410451
249	1.954229	0.404751
250	1.956795	0.398983
251	1.959168	0.393162
252	1.961345	0.387301
253	1.963325	0.381414
254	1.965108	0.375514
255	1.966698	0.369613
256	1.968095	0.363725
257	1.969305	0.357859
258	1.970331	0.352027
259	1.971179	0.346239
260	1.971855	0.340503
261	1.972366	0.334829
262	1.972717	0.329222
263	1.972917	0.323691
264	1.972972	0.318241
265	1.972891	0.312877
266	1.972679	0.307603
267	1.972346	0.302423
268	1.971897	0.29734
269	1.971341	0.292357
270	1.970685	0.287476
271	1.969934	0.282698
272	1.969097	0.278024
273	1.96818	0.273454
274	1.967188	0.268989
275	1.966129	0.264629
276	1.965007	0.260373
277	1.963828	0.25622
278	1.962597	0.25217
279	1.961319	0.24822
280	1.959999	0.244371
281	1.958642	0.24062
282	1.95725	0.236966
283	1.955829	0.233406
284	1.954382	0.229939
285	1.952912	0.226564
286	1.951423	0.223277
287	1.949918	0.220078
288	1.948399	0.216963
289	1.946868	0.213932
290	1.94533	0.210981
291	1.943784	0.208108
292	1.942235	0.205313
293	1.940683	0.202592
294	1.939131	0.199943
295	1.93758	0.197364
296	1.936032	0.194854
297	1.934487	0.192411
298	1.932948	0.190032
299	1.931416	0.187715
300	1.929891	0.185459
301	1.928375	0.183262
302	1.926868	0.181122
303	1.925372	0.179038
304	1.923887	0.177007
305	1.922414	0.175028
306	1.920953	0.1731
307	1.919505	0.17122
308	1.91807	0.169388
309	1.916649	0.167602
310	1.915243	0.16586
311	1.913851	0.164161
312	1.912475	0.162504
313	1.911113	0.160887
314	1.909768	0.15931
315	1.908437	0.15777
316	1.907124	0.156268
317	1.905826	0.154801
318	1.904544	0.153368
319	1.90328	0.151969
320	1.902032	0.150603
321	1.900801	0.149267
322	1.899587	0.147962
323	1.898391	0.146687
324	1.897214	0.14544
325	1.896055	0.144217
326	1.894913	0.143018
327	1.893788	0.141843
328	1.892679	0.140691
329	1.891585	0.13956
330	1.890506	0.138451
331	1.889442	0.137362
332	1.888393	0.136293
333	1.887359	0.135244
334	1.886339	0.134214
335	1.885332	0.133203
336	1.88434	0.132209
337	1.883361	0.131232
338	1.882396	0.130273
339	1.881444	0.129329
340	1.880504	0.128402
341	1.879578	0.12749
342	1.878664	0.126593
343	1.877762	0.125711
344	1.876873	0.124843
345	1.875995	0.123989
346	1.87513	0.123148
347	1.874276	0.12232
348	1.873433	0.121505
349	1.872602	0.120702
350	1.871781	0.119911
351	1.870972	0.119132
352	1.870174	0.118365
353	1.869385	0.117608
354	1.868608	0.116862
355	1.86784	0.116127
356	1.867083	0.115402
357	1.866335	0.114687
358	1.865597	0.113981
359	1.864869	0.113285
360	1.86415	0.112598
361	1.86344	0.111921
362	1.86274	0.111251
363	1.862048	0.110591
364	1.861365	0.109939
365	1.860691	0.109295
366	1.860025	0.108659
367	1.859368	0.10803
368	1.858719	0.107409
369	1.858078	0.106796
370	1.857445	0.106189
371	1.85682	0.10559
372	1.856202	0.104998
373	1.855592	0.104412
374	1.854989	0.103832
375	1.854394	0.10326
376	1.853806	0.102693
377	1.853225	0.102132
378	1.852651	0.101578
379	1.852083	0.101029
380	1.851523	0.100486
381	1.850969	0.099949
382	1.850421	0.099417
383	1.84988	0.09889
384	1.849345	0.098368
385	1.848817	0.097852
386	1.848294	0.097341
387	1.847777	0.096834
388	1.847267	0.096333
389	1.846762	0.095836
390	1.846262	0.095343
391	1.845768	0.094855
392	1.84528	0.094372
393	1.844797	0.093893
394	1.84432	0.093418
395	1.843847	0.092947
396	1.84338	0.092481
397	1.842918	0.092018
398	1.842461	0.09156
399	1.842008	0.091105
400	1.84156	0.090654
401	1.841118	0.090206
402	1.840679	0.089763
403	1.840246	0.089323
404	1.839816	0.088886
405	1.839392	0.088453
406	1.838971	0.088023
407	1.838555	0.087597
408	1.838143	0.087174
409	1.837735	0.086754
410	1.837331	0.086337
411	1.836932	0.085924
412	1.836536	0.085513
413	1.836144	0.085106
414	1.835755	0.084701
415	1.835371	0.084299
416	1.83499	0.0839
417	1.834613	0.083505
418	1.83424	0.083111
419	1.83387	0.082721
420	1.833503	0.082333
421	1.83314	0.081948
422	1.83278	0.081566
423	1.832424	0.081186
424	1.83207	0.080808
425	1.83172	0.080433
426	1.831373	0.080061
427	1.831029	0.079691
428	1.830689	0.079323
429	1.830351	0.078958
430	1.830016	0.078595
431	1.829684	0.078235
432	1.829355	0.077876
433	1.829029	0.07752
434	1.828705	0.077166
435	1.828384	0.076815
436	1.828066	0.076465
437	1.827751	0.076118
438	1.827438	0.075772
439	1.827128	0.075429
440	1.82682	0.075088
441	1.826515	0.074749
442	1.826212	0.074412
443	1.825912	0.074076
444	1.825614	0.073743
445	1.825318	0.073412
446	1.825025	0.073082
447	1.824734	0.072755
448	1.824445	0.072429
449	1.824158	0.072105
450	1.823874	0.071783
451	1.823592	0.071463
452	1.823312	0.071145
453	1.823034	0.070828
454	1.822758	0.070513
455	1.822484	0.0702
456	1.822212	0.069888
457	1.821942	0.069578
458	1.821674	0.06927
459	1.821407	0.068964
460	1.821143	0.068659
461	1.820881	0.068356
462	1.82062	0.068054
463	1.820361	0.067754
464	1.820104	0.067456
465	1.819849	0.067159
466	1.819596	0.066864
467	1.819344	0.06657
468	1.819094	0.066278
469	1.818845	0.065987
470	1.818599	0.065698
471	1.818353	0.065411
472	1.81811	0.065124
473	1.817868	0.06484
474	1.817627	0.064556
475	1.817388	0.064274
476	1.817151	0.063994
477	1.816915	0.063715
478	1.816681	0.063437
479	1.816448	0.063161
480	1.816216	0.062886
481	1.815986	0.062613
482	1.815757	0.062341
483	1.81553	0.06207
484	1.815304	0.061801
485	1.815079	0.061533
486	1.814856	0.061266
487	1.814634	0.061
488	1.814414	0.060736
489	1.814194	0.060473
490	1.813976	0.060212
491	1.813759	0.059952
492	1.813544	0.059692
493	1.813329	0.059435
494	1.813116	0.059178
495	1.812904	0.058923
496	1.812693	0.058669
497	1.812484	0.058416
498	1.812275	0.058165
499	1.812068	0.057914
500	1.811862	0.057665
501	1.811657	0.057417
502	1.811453	0.05717
503	1.81125	0.056925
504	1.811048	0.05668
505	1.810847	0.056437
506	1.810648	0.056195
507	1.810449	0.055954
508	1.810252	0.055714
509	1.810055	0.055476
510	1.80986	0.055238
511	1.809665	0.055002
512	1.809471	0.054766
513	1.809279	0.054532
514	1.809088	0.054299
515	1.808897	0.054067
516	1.808707	0.053836
517	1.808519	0.053607
518	1.808331	0.053378
519	1.808144	0.053151
520	1.807958	0.052924
521	1.807773	0.052699
522	1.807589	0.052474
523	1.807406	0.052251
524	1.807224	0.052029
525	1.807043	0.051807
526	1.806862	0.051587
527	1.806683	0.051368
528	1.806504	0.05115
529	1.806326	0.050933
530	1.806149	0.050717
531	1.805973	0.050502
532	1.805798	0.050288
533	1.805623	0.050075
534	1.80545	0.049863
535	1.805277	0.049652
536	1.805105	0.049442
537	1.804934	0.049233
538	1.804763	0.049025
539	1.804594	0.048818
540	1.804425	0.048612
541	1.804257	0.048407
542	1.80409	0.048203
543	1.803924	0.048
544	1.803758	0.047797
545	1.803594	0.047596
546	1.80343	0.047396
547	1.803267	0.047197
548	1.803104	0.046998
549	1.802943	0.046801
550	1.802782	0.046604
551	1.802622	0.046409
552	1.802463	0.046214
553	1.802305	0.04602
554	1.802147	0.045827
555	1.80199	0.045636
556	1.801834	0.045445
557	1.801679	0.045254
558	1.801525	0.045065
559	1.801371	0.044877
560	1.801219	0.04469
561	1.801067	0.044503
562	1.800916	0.044318
563	1.800766	0.044133
564	1.800616	0.043949
565	1.800468	0.043766
566	1.800321	0.043584
567	1.800174	0.043403
568	1.80003	0.043222
569	1.799886	0.043042
570	1.799743	0.042862
571	1.7996	0.042683
572	1.799459	0.042504
573	1.799318	0.042326
574	1.799179	0.042148
575	1.799039	0.04197
576	1.798901	0.041793
577	1.798763	0.041616
578	1.798626	0.04144
579	1.798489	0.041264
580	1.798354	0.041089
581	1.798218	0.040914
582	1.798083	0.040739
583	1.797949	0.040565
584	1.797816	0.040392
585	1.797683	0.040219
586	1.79755	0.040046
587	1.797418	0.039873
588	1.797286	0.039702
589	1.797155	0.03953
590	1.797025	0.039359
591	1.796895	0.039189
592	1.796765	0.039019
593	1.796636	0.038849
594	1.796507	0.03868
595	1.796378	0.038511
596	1.796251	0.038343
597	1.796123	0.038175
598	1.795996	0.038008
599	1.795869	0.037841
600	1.795743	0.037674
601	1.795617	0.037508
602	1.795492	0.037343
603	1.795367	0.037178
604	1.795242	0.037013
605	1.795117	0.036849
606	1.794993	0.036685
607	1.79487	0.036522
608	1.794746	0.036359
609	1.794623	0.036197
610	1.794501	0.036035
611	1.794379	0.035873
612	1.794257	0.035712
613	1.794135	0.035552
614	1.794014	0.035391
615	1.793893	0.035232
616	1.793772	0.035073
617	1.793651	0.034914
618	1.793531	0.034755
619	1.793411	0.034598
620	1.793292	0.03444
621	1.793173	0.034283
622	1.793054	0.034127
623	1.792935	0.033971
624	1.792817	0.033815
625	1.792698	0.03366
626	1.79258	0.033505
627	1.792463	0.033351
628	1.792346	0.033197
629	1.792228	0.033044
630	1.792112	0.032891
631	1.791995	0.032738
632	1.791879	0.032586
633	1.791762	0.032435
634	1.791647	0.032284
635	1.791531	0.032133
636	1.791416	0.031983
637	1.7913	0.031833
638	1.791185	0.031684
639	1.791071	0.031535
640	1.790956	0.031387
641	1.790842	0.031239
642	1.790728	0.031091
643	1.790614	0.030944
644	1.790501	0.030797
645	1.790387	0.030651
646	1.790274	0.030506
647	1.790161	0.03036
648	1.790048	0.030215
649	1.789936	0.030071
650	1.789823	0.029927
651	1.789711	0.029784
652	1.789599	0.029641
653	1.789487	0.029498
654	1.789376	0.029356
655	1.789264	0.029214
656	1.789153	0.029073
657	1.789042	0.028932
658	1.788931	0.028791
659	1.788821	0.028651
660	1.78871	0.028512
661	1.7886	0.028373
662	1.78849	0.028234
663	1.78838	0.028096
664	1.78827	0.027958
665	1.78816	0.027821
666	1.788051	0.027684
667	1.787942	0.027548
668	1.787832	0.027412
669	1.787724	0.027276
670	1.787615	0.027141
671	1.787506	0.027006
672	1.787398	0.026872
673	1.787289	0.026738
674	1.787181	0.026604
675	1.787073	0.026471
676	1.786965	0.026339
677	1.786858	0.026207
678	1.78675	0.026075
679	1.786643	0.025944
680	1.786536	0.025813
681	1.786429	0.025683
682	1.786322	0.025553
683	1.786215	0.025423
684	1.786109	0.025294
685	1.786002	0.025165
686	1.785896	0.025037
687	1.78579	0.024909
688	1.785684	0.024782
689	1.785578	0.024655
690	1.785472	0.024528
691	1.785366	0.024402
692	1.785261	0.024276
693	1.785156	0.024151
694	1.785051	0.024026
695	1.784945	0.023901
696	1.784841	0.023777
697	1.784736	0.023654
698	1.784631	0.02353
699	1.784527	0.023408
700	1.784422	0.023285
701	1.784318	0.023163
702	1.784214	0.023042
703	1.78411	0.022921
704	1.784006	0.0228
705	1.783903	0.022679
706	1.783799	0.02256
707	1.783695	0.02244
708	1.783592	0.022321
709	1.783489	0.022202
710	1.783386	0.022084
711	1.783283	0.021966
712	1.78318	0.021849
713	1.783077	0.021732
714	1.782975	0.021615
715	1.782872	0.021499
716	1.78277	0.021383
717	1.782668	0.021268
718	1.782566	0.021153
719	1.782464	0.021038
720	1.782362	0.020924
721	1.78226	0.02081
722	1.782158	0.020697
723	1.782057	0.020583
724	1.781956	0.020471
725	1.781854	0.020359
726	1.781753	0.020247
727	1.781652	0.020135
728	1.781551	0.020024
729	1.781451	0.019914
730	1.78135	0.019804
731	1.781249	0.019694
732	1.781149	0.019584
733	1.781049	0.019475
734	1.780948	0.019367
735	1.780848	0.019258
736	1.780748	0.01915
737	1.780648	0.019043
738	1.780549	0.018936
739	1.780449	0.018829
740	1.780349	0.018723
741	1.78025	0.018617
742	1.780151	0.018511
743	1.780051	0.018406
744	1.779952	0.018302
745	1.779853	0.018197
746	1.779755	0.018093
747	1.779656	0.01799
748	1.779557	0.017886
749	1.779459	0.017783
750	1.77936	0.017681
751	1.779262	0.017579
752	1.779164	0.017477
753	1.779065	0.017376
754	1.778967	0.017275
755	1.77887	0.017174
756	1.778772	0.017074
757	1.778674	0.016974
758	1.778577	0.016875
759	1.778479	0.016776
760	1.778382	0.016677
761	1.778285	0.016579
762	1.778187	0.016481
763	1.77809	0.016383
764	1.777993	0.016286
765	1.777897	0.016189
766	1.7778	0.016093
767	1.777703	0.015996
768	1.777607	0.015901
769	1.77751	0.015805
770	1.777414	0.01571
771	1.777318	0.015616
772	1.777222	0.015521
773	1.777126	0.015427
774	1.77703	0.015334
775	1.776934	0.015241
776	1.776838	0.015148
777	1.776743	0.015055
778	1.776647	0.014963
779	1.776552	0.014871
780	1.776457	0.01478
781	1.776362	0.014689
782	1.776267	0.014598
783	1.776172	0.014508
784	1.776077	0.014418
785	1.775982	0.014328
786	1.775887	0.014239
787	1.775793	0.01415
788	1.775699	0.014062
789	1.775604	0.013973
790	1.77551	0.013886
791	1.775416	0.013798
792	1.775322	0.013711
793	1.775228	0.013624
794	1.775134	0.013538
795	1.775041	0.013451
796	1.774947	0.013366
797	1.774853	0.01328
798	1.77476	0.013195
799	1.774667	0.01311
800	1.774574	0.013026
801	1.77448	0.012942
802	1.774387	0.012858
803	1.774295	0.012775
804	1.774202	0.012692
805	1.774109	0.012609
806	1.774017	0.012527
807	1.773924	0.012445
808	1.773832	0.012363
809	1.77374	0.012282
810	1.773647	0.012201
811	1.773555	0.01212
812	1.773463	0.01204
813	1.773372	0.01196
814	1.77328	0.01188
815	1.773188	0.011801
816	1.773097	0.011722
817	1.773005	0.011643
818	1.772914	0.011565
819	1.772823	0.011487
820	1.772732	0.011409
821	1.77264	0.011332
822	1.77255	0.011255
823	1.772459	0.011178
824	1.772368	0.011102
825	1.772277	0.011026
826	1.772187	0.01095
827	1.772097	0.010875
828	1.772006	0.010799
829	1.771916	0.010725
830	1.771826	0.01065
831	1.771736	0.010576
832	1.771646	0.010502
833	1.771556	0.010429
834	1.771467	0.010356
835	1.771377	0.010283
836	1.771288	0.01021
837	1.771198	0.010138
838	1.771109	0.010066
839	1.77102	0.009995
840	1.770931	0.009924
841	1.770842	0.009853
842	1.770753	0.009782
843	1.770664	0.009712
844	1.770575	0.009642
845	1.770487	0.009572
846	1.770398	0.009503
847	1.77031	0.009434
848	1.770222	0.009365
849	1.770134	0.009296
850	1.770046	0.009228
851	1.769958	0.00916
852	1.76987	0.009093
853	1.769782	0.009026
854	1.769695	0.008959
855	1.769607	0.008892
856	1.76952	0.008826
857	1.769433	0.00876
858	1.769345	0.008694
859	1.769258	0.008629
860	1.769171	0.008564
861	1.769084	0.008499
862	1.768998	0.008434
863	1.768911	0.00837
864	1.768824	0.008306
865	1.768738	0.008243
866	1.768652	0.008179
867	1.768565	0.008116
868	1.768479	0.008053
869	1.768393	0.007991
870	1.768307	0.007929
871	1.768221	0.007867
872	1.768136	0.007806
873	1.76805	0.007744
874	1.767965	0.007683
875	1.767879	0.007623
876	1.767794	0.007562
877	1.767709	0.007502
878	1.767624	0.007442
879	1.767539	0.007383
880	1.767454	0.007324
881	1.767369	0.007265
882	1.767285	0.007206
883	1.7672	0.007148
884	1.767116	0.00709
885	1.767031	0.007032
886	1.766947	0.006974
887	1.766863	0.006917
888	1.766779	0.00686
889	1.766695	0.006804
890	1.766611	0.006747
891	1.766528	0.006691
892	1.766444	0.006635
893	1.766361	0.00658
894	1.766277	0.006525
895	1.766194	0.00647
896	1.766111	0.006415
897	1.766028	0.00636
898	1.765945	0.006306
899	1.765862	0.006252
900	1.765779	0.006199
901	1.765697	0.006145
902	1.765615	0.006092
903	1.765532	0.00604
904	1.76545	0.005987
905	1.765368	0.005935
906	1.765286	0.005883
907	1.765204	0.005831
908	1.765122	0.00578
909	1.76504	0.005729
910	1.764959	0.005678
911	1.764877	0.005627
912	1.764796	0.005577
913	1.764714	0.005527
914	1.764633	0.005477
915	1.764552	0.005427
916	1.764471	0.005378
917	1.764391	0.005329
918	1.76431	0.00528
919	1.764229	0.005232
920	1.764149	0.005184
921	1.764068	0.005136
922	1.763988	0.005088
923	1.763908	0.005041
924	1.763828	0.004993
925	1.763748	0.004947
926	1.763668	0.0049
927	1.763589	0.004853
928	1.763509	0.004807
929	1.76343	0.004761
930	1.76335	0.004716
931	1.763271	0.00467
932	1.763192	0.004625
933	1.763113	0.00458
934	1.763034	0.004536
935	1.762955	0.004492
936	1.762876	0.004447
937	1.762798	0.004404
938	1.762719	0.00436
939	1.762641	0.004317
940	1.762563	0.004274
941	1.762485	0.004231
942	1.762407	0.004188
943	1.762329	0.004146
944	1.762251	0.004104
945	1.762174	0.004062
946	1.762096	0.00402
947	1.762019	0.003979
948	1.761941	0.003938
949	1.761864	0.003897
950	1.761787	0.003856
951	1.76171	0.003816
952	1.761633	0.003776
953	1.761557	0.003736
954	1.76148	0.003696
955	1.761403	0.003657
956	1.761327	0.003618
957	1.761251	0.003579
958	1.761175	0.00354
959	1.761099	0.003502
960	1.761023	0.003464
961	1.760947	0.003426
962	1.760871	0.003388
963	1.760796	0.003351
964	1.76072	0.003313
965	1.760645	0.003276
966	1.76057	0.00324
967	1.760495	0.003203
968	1.76042	0.003167
969	1.760345	0.003131
970	1.76027	0.003095
971	1.760196	0.003059
972	1.760121	0.003024
973	1.760047	0.002989
974	1.759973	0.002954
975	1.759899	0.002919
976	1.759825	0.002885
977	1.759751	0.002851
978	1.759677	0.002817
979	1.759604	0.002783
980	1.75953	0.00275
981	1.759457	0.002716
982	1.759383	0.002683
983	1.75931	0.002651
984	1.759237	0.002618
985	1.759164	0.002586
986	1.759092	0.002554
987	1.759019	0.002522
988	1.758947	0.00249
989	1.758874	0.002459
990	1.758802	0.002427
991	1.75873	0.002396
992	1.758658	0.002366
993	1.758586	0.002335
994	1.758514	0.002305
995	1.758442	0.002275
996	1.758371	0.002245
997	1.758299	0.002215
998	1.758228	0.002186
999	1.758157	0.002156
1000	1.758086	0.002127
1002.5	1.757909	0.002056
1005	1.757733	0.001986
1007.5	1.757557	0.001917
1010	1.757383	0.001849
1012.5	1.757209	0.001783
1015	1.757036	0.001718
1017.5	1.756864	0.001655
1020	1.756692	0.001593
1022.5	1.756521	0.001532
1025	1.756352	0.001472
1027.5	1.756183	0.001414
1030	1.756015	0.001357
1032.5	1.755847	0.001301
1035	1.755681	0.001247
1037.5	1.755515	0.001193
1040	1.75535	0.001142
1042.5	1.755186	0.001091
1045	1.755023	0.001041
1047.5	1.754861	0.000993
1050	1.7547	0.000946
1052.5	1.754539	0.000901
1055	1.75438	0.000856
1057.5	1.754221	0.000813
1060	1.754063	0.000771
1062.5	1.753906	0.00073
1065	1.75375	0.00069
1067.5	1.753595	0.000651
1070	1.75344	0.000614
1072.5	1.753287	0.000578
1075	1.753135	0.000543
1077.5	1.752983	0.000509
1080	1.752833	0.000476
1082.5	1.752683	0.000445
1085	1.752534	0.000414
1087.5	1.752387	0.000385
1090	1.75224	0.000357
1092.5	1.752094	0.00033
1095	1.751949	0.000304
1097.5	1.751806	0.000279
1100	1.751663	0.000255
1102.5	1.751521	0.000233
1105	1.75138	0.000211
1107.5	1.75124	0.000191
1110	1.751102	0.000171
1112.5	1.750964	0.000153
1115	1.750828	0.000136
1117.5	1.750692	0.000119
1120	1.750558	0.000104
1122.5	1.750425	0.00009
1125	1.750293	0.000077
1127.5	1.750162	0.000065
1130	1.750032	0.000054
1132.5	1.749903	0.000044
1135	1.749776	0.000035
1137.5	1.74965	0.000027
1140	1.749525	0.000021
1142.5	1.749402	0.000015
1145	1.74928	0.00001
1147.5	1.74916	0.000006
1150	1.749041	0.000003
1152.5	1.748923	0.000001
1155	1.748808	0
1157.5	1.748694	0
1160	1.748583	0
1162.5	1.748473	0
1165	1.748365	0
1167.5	1.748259	0
1170	1.748154	0
1172.5	1.74805	0
1175	1.747947	0
1177.5	1.747846	0
1180	1.747746	0
1182.5	1.747647	0
1185	1.747549	0
1187.5	1.747452	0
1190	1.747356	0
1192.5	1.747261	0
1195	1.747167	0
1197.5	1.747074	0
1200	1.746982	0
1202.5	1.746891	0
1205	1.746801	0
1207.5	1.746712	0
1210	1.746623	0
1212.5	1.746536	0
1215	1.746449	0
1217.5	1.746363	0
1220	1.746278	0
1222.5	1.746193	0
1225	1.74611	0
1227.5	1.746027	0
1230	1.745945	0
1232.5	1.745863	0
1235	1.745782	0
1237.5	1.745702	0
1240	1.745623	0
1242.5	1.745544	0
1245	1.745466	0
1247.5	1.745389	0
1250	1.745313	0
1252.5	1.745237	0
1255	1.745161	0
1257.5	1.745086	0
1260	1.745012	0
1262.5	1.744939	0
1265	1.744866	0
1267.5	1.744793	0
1270	1.744722	0
1272.5	1.74465	0
1275	1.74458	0
1277.5	1.74451	0
1280	1.74444	0
1282.5	1.744371	0
1285	1.744303	0
1287.5	1.744235	0
1290	1.744167	0
1292.5	1.7441	0
1295	1.744034	0
1297.5	1.743968	0
1300	1.743903	0
1302.5	1.743838	0
1305	1.743774	0
1307.5	1.74371	0
1310	1.743646	0
1312.5	1.743583	0
1315	1.743521	0
1317.5	1.743459	0
1320	1.743397	0
1322.5	1.743336	0
1325	1.743275	0
1327.5	1.743215	0
1330	1.743155	0
1332.5	1.743096	0
1335	1.743037	0
1337.5	1.742978	0
1340	1.74292	0
