300	1.700103	1.003451
301	1.707798	1.008777
302	1.715627	1.013972
303	1.723588	1.019032
304	1.731678	1.023953
305	1.739895	1.028731
306	1.748237	1.033364
307	1.756702	1.037846
308	1.765287	1.042175
309	1.773988	1.046346
310	1.782803	1.050357
311	1.79173	1.054202
312	1.800764	1.057879
313	1.809902	1.061383
314	1.81914	1.064711
315	1.828476	1.06786
316	1.837904	1.070825
317	1.847422	1.073602
318	1.857023	1.076189
319	1.866704	1.078582
320	1.876461	1.080777
321	1.886288	1.082771
322	1.896179	1.084561
323	1.906131	1.086143
324	1.916136	1.087514
325	1.92619	1.088672
326	1.936287	1.089614
327	1.94642	1.090338
328	1.956583	1.09084
329	1.966769	1.091118
330	1.976971	1.091172
331	1.987184	1.090998
332	1.997399	1.090595
333	2.007609	1.089963
334	2.017807	1.089099
335	2.027986	1.088004
336	2.038136	1.086677
337	2.048252	1.085118
338	2.058324	1.083326
339	2.068344	1.081303
340	2.078305	1.07905
341	2.088197	1.076567
342	2.098014	1.073857
343	2.107746	1.070921
344	2.117385	1.067762
345	2.126923	1.064383
346	2.136352	1.060787
347	2.145663	1.056977
348	2.154848	1.052958
349	2.1639	1.048735
350	2.172811	1.044312
351	2.181571	1.039694
352	2.190176	1.034887
353	2.198617	1.029897
354	2.206887	1.024731
355	2.214979	1.019396
356	2.222887	1.013899
357	2.230605	1.008247
358	2.238127	1.002449
359	2.245447	0.996513
360	2.252562	0.990447
361	2.259465	0.98426
362	2.266154	0.977961
363	2.272623	0.97156
364	2.27887	0.965065
365	2.284892	0.958488
366	2.290688	0.951838
367	2.296253	0.945124
368	2.301589	0.938356
369	2.306693	0.931546
370	2.311566	0.924703
371	2.316208	0.917838
372	2.320619	0.910959
373	2.3248	0.904079
374	2.328755	0.897206
375	2.332484	0.890351
376	2.33599	0.883523
377	2.339278	0.876733
378	2.34235	0.869989
379	2.345211	0.863302
380	2.347865	0.856679
381	2.350318	0.85013
382	2.352575	0.843663
383	2.354642	0.837286
384	2.356526	0.831007
385	2.358233	0.824835
386	2.35977	0.818775
387	2.361145	0.812835
388	2.362366	0.80702
389	2.363441	0.801338
390	2.364378	0.795793
391	2.365185	0.79039
392	2.365873	0.785135
393	2.366449	0.78003
394	2.366923	0.775081
395	2.367305	0.77029
396	2.367604	0.765659
397	2.36783	0.761192
398	2.367993	0.756889
399	2.368104	0.752751
400	2.368171	0.74878
401	2.368205	0.744975
402	2.368217	0.741336
403	2.368216	0.737862
404	2.368213	0.73455
405	2.368217	0.731399
406	2.368238	0.728406
407	2.368286	0.725567
408	2.368371	0.722878
409	2.368502	0.720335
410	2.368688	0.717933
411	2.368938	0.715665
412	2.36926	0.713525
413	2.369662	0.711507
414	2.370153	0.709603
415	2.370739	0.707805
416	2.371427	0.706105
417	2.372224	0.704492
418	2.373134	0.702958
419	2.374163	0.701493
420	2.375315	0.700086
421	2.376594	0.698727
422	2.378002	0.697405
423	2.379541	0.696108
424	2.381212	0.694825
425	2.383016	0.693544
426	2.384951	0.692254
427	2.387016	0.690944
428	2.389209	0.6896
429	2.391526	0.688213
430	2.393961	0.686772
431	2.396511	0.685265
432	2.399169	0.683683
433	2.401927	0.682016
434	2.404777	0.680255
435	2.407711	0.678392
436	2.410719	0.676419
437	2.413792	0.67433
438	2.416919	0.672119
439	2.420088	0.669782
440	2.423288	0.667315
441	2.426508	0.664715
442	2.429736	0.661981
443	2.43296	0.659113
444	2.436169	0.656111
445	2.439351	0.652977
446	2.442496	0.649714
447	2.445592	0.646327
448	2.448629	0.642818
449	2.451599	0.639195
450	2.454492	0.635464
451	2.457299	0.631631
452	2.460015	0.627704
453	2.462632	0.623692
454	2.465145	0.619602
455	2.46755	0.615445
456	2.469842	0.611228
457	2.47202	0.606962
458	2.47408	0.602655
459	2.476023	0.598316
460	2.477848	0.593955
461	2.479555	0.58958
462	2.481147	0.585199
463	2.482624	0.580821
464	2.48399	0.576452
465	2.485248	0.572101
466	2.486402	0.567774
467	2.487456	0.563477
468	2.488415	0.559216
469	2.489282	0.554995
470	2.490064	0.550819
471	2.490766	0.546692
472	2.491393	0.542618
473	2.491951	0.538599
474	2.492445	0.534638
475	2.492881	0.530736
476	2.493264	0.526895
477	2.4936	0.523116
478	2.493895	0.5194
479	2.494153	0.515745
480	2.494379	0.512153
481	2.494579	0.508622
482	2.494757	0.505152
483	2.494919	0.501742
484	2.495067	0.498389
485	2.495208	0.495093
486	2.495345	0.491851
487	2.495483	0.488662
488	2.495626	0.485523
489	2.49578	0.482431
490	2.49595	0.479385
491	2.496146	0.476379
492	2.496377	0.473391
493	2.496626	0.470409
494	2.496888	0.467435
495	2.497159	0.464467
496	2.497436	0.461505
497	2.497718	0.458547
498	2.498004	0.455593
499	2.498292	0.452641
500	2.49858	0.449691
501	2.498869	0.446741
502	2.499155	0.443791
503	2.499439	0.440839
504	2.499718	0.437885
505	2.499992	0.434928
506	2.50026	0.431968
507	2.500519	0.429004
508	2.500769	0.426035
509	2.501008	0.423061
510	2.501235	0.420082
511	2.501448	0.417098
512	2.501647	0.414108
513	2.50183	0.411114
514	2.501996	0.408114
515	2.502142	0.405109
516	2.50227	0.402099
517	2.502376	0.399086
518	2.50246	0.396069
519	2.50252	0.393049
520	2.502557	0.390026
521	2.502568	0.387002
522	2.502553	0.383977
523	2.502511	0.380953
524	2.502441	0.377929
525	2.502342	0.374907
526	2.502215	0.371889
527	2.502058	0.368874
528	2.50187	0.365865
529	2.501652	0.362862
530	2.501403	0.359867
531	2.501122	0.356881
532	2.500811	0.353905
533	2.500468	0.35094
534	2.500093	0.347987
535	2.499687	0.345048
536	2.499251	0.342124
537	2.498783	0.339215
538	2.498285	0.336324
539	2.497756	0.333452
540	2.497199	0.330599
541	2.496612	0.327766
542	2.495996	0.324955
543	2.495353	0.322166
544	2.494682	0.319401
545	2.493985	0.316661
546	2.493263	0.313946
547	2.492516	0.311256
548	2.491746	0.308594
549	2.490953	0.305959
550	2.490138	0.303353
551	2.489303	0.300775
552	2.488448	0.298226
553	2.487575	0.295707
554	2.486685	0.293218
555	2.485778	0.290759
556	2.484857	0.28833
557	2.483921	0.285932
558	2.482973	0.283565
559	2.482014	0.281228
560	2.481044	0.278922
561	2.480065	0.276646
562	2.479078	0.2744
563	2.478084	0.272184
564	2.477084	0.269997
565	2.476079	0.267839
566	2.47507	0.26571
567	2.474058	0.263609
568	2.473044	0.261535
569	2.472029	0.259487
570	2.471014	0.257465
571	2.47	0.255468
572	2.468986	0.253494
573	2.467974	0.251544
574	2.466965	0.249615
575	2.465959	0.247708
576	2.464955	0.24582
577	2.463955	0.24395
578	2.462959	0.242098
579	2.461966	0.240262
580	2.460977	0.238441
581	2.459992	0.236634
582	2.45901	0.234839
583	2.458031	0.233054
584	2.457055	0.23128
585	2.45608	0.229513
586	2.455106	0.227754
587	2.454132	0.226
588	2.453157	0.224251
589	2.45218	0.222506
590	2.451199	0.220763
591	2.450212	0.219021
592	2.449219	0.217279
593	2.448216	0.215537
594	2.447202	0.213794
595	2.446175	0.212049
596	2.445132	0.210302
597	2.44407	0.208553
598	2.442986	0.206802
599	2.441878	0.205049
600	2.440743	0.203295
601	2.439576	0.201541
602	2.438376	0.199788
603	2.437138	0.198037
604	2.435858	0.196291
605	2.434534	0.194552
606	2.433161	0.192824
607	2.431736	0.191108
608	2.430254	0.189411
609	2.428714	0.187735
610	2.427111	0.186086
611	2.425443	0.18447
612	2.423706	0.182893
613	2.421898	0.181362
614	2.420018	0.179885
615	2.418064	0.17847
616	2.416036	0.177126
617	2.413932	0.175863
618	2.411756	0.17469
619	2.409507	0.173618
620	2.40719	0.172659
621	2.404809	0.171823
622	2.402368	0.171123
623	2.399876	0.170571
624	2.39734	0.170178
625	2.394771	0.169957
626	2.392181	0.16992
627	2.389584	0.170077
628	2.386995	0.17044
629	2.384432	0.171018
630	2.381916	0.171821
631	2.379468	0.172856
632	2.377114	0.174129
633	2.374881	0.175646
634	2.372802	0.177409
635	2.370911	0.179416
636	2.369252	0.181667
637	2.367883	0.184155
638	2.366923	0.186828
639	2.366356	0.189506
640	2.3661	0.19216
641	2.366122	0.194783
642	2.366407	0.197369
643	2.366943	0.199909
644	2.367722	0.202396
645	2.36874	0.204819
646	2.369991	0.207169
647	2.371473	0.209434
648	2.37318	0.211604
649	2.375109	0.213664
650	2.377255	0.215603
651	2.379614	0.217407
652	2.382179	0.219062
653	2.384943	0.220554
654	2.387899	0.221869
655	2.391036	0.222992
656	2.394345	0.223909
657	2.397812	0.224606
658	2.401426	0.225069
659	2.40517	0.225285
660	2.409028	0.225242
661	2.412982	0.224931
662	2.417012	0.22434
663	2.421099	0.223462
664	2.42522	0.22229
665	2.429353	0.220822
666	2.433475	0.219053
667	2.437561	0.216985
668	2.441587	0.214619
669	2.44553	0.211961
670	2.449366	0.209017
671	2.453072	0.205797
672	2.456627	0.202313
673	2.46001	0.198578
674	2.463202	0.194609
675	2.466186	0.190423
676	2.468947	0.18604
677	2.471471	0.181478
678	2.473749	0.176761
679	2.47577	0.171909
680	2.47753	0.166945
681	2.479025	0.161892
682	2.480252	0.156771
683	2.481213	0.151604
684	2.48191	0.146413
685	2.482347	0.141216
686	2.482532	0.136033
687	2.482471	0.130881
688	2.482173	0.125777
689	2.481648	0.120736
690	2.480907	0.115771
691	2.479962	0.110894
692	2.478825	0.106116
693	2.477507	0.101446
694	2.476022	0.096891
695	2.474381	0.092458
696	2.472598	0.088151
697	2.470685	0.083976
698	2.468652	0.079934
699	2.466513	0.076029
700	2.464277	0.07226
701	2.461956	0.068628
702	2.459559	0.065133
703	2.457096	0.061773
704	2.454576	0.058547
705	2.452008	0.055453
706	2.449399	0.052489
707	2.446756	0.049651
708	2.444087	0.046936
709	2.441398	0.044342
710	2.438694	0.041865
711	2.43598	0.039501
712	2.433262	0.037246
713	2.430544	0.035098
714	2.42783	0.033051
715	2.425123	0.031103
716	2.422427	0.029249
717	2.419745	0.027487
718	2.417079	0.025812
719	2.414432	0.024221
720	2.411806	0.02271
721	2.409202	0.021276
722	2.406622	0.019916
723	2.404068	0.018627
724	2.401541	0.017405
725	2.399041	0.016247
726	2.396571	0.015152
727	2.39413	0.014115
728	2.391719	0.013134
729	2.389338	0.012207
730	2.386989	0.011332
731	2.384671	0.010505
732	2.382384	0.009725
733	2.380129	0.008989
734	2.377906	0.008296
735	2.375714	0.007643
736	2.373554	0.007029
737	2.371426	0.006451
738	2.36933	0.005909
739	2.367264	0.0054
740	2.36523	0.004923
741	2.363226	0.004476
742	2.361253	0.004058
743	2.359311	0.003668
744	2.357398	0.003304
745	2.355515	0.002966
746	2.353662	0.002651
747	2.351837	0.002359
748	2.350042	0.002089
749	2.348275	0.00184
750	2.346535	0.00161
751	2.344824	0.0014
752	2.34314	0.001207
753	2.341483	0.001032
754	2.339853	0.000873
755	2.338249	0.000729
756	2.336672	0.000601
757	2.33512	0.000487
758	2.333594	0.000386
759	2.332094	0.000299
760	2.330618	0.000224
761	2.329168	0.00016
762	2.327743	0.000108
763	2.326342	0.000067
764	2.324967	0.000036
765	2.323617	0.000015
766	2.322292	0.000003
767	2.320996	0
768	2.319729	0
769	2.318487	0
770	2.317268	0
771	2.31607	0
772	2.314891	0
773	2.313732	0
774	2.31259	0
775	2.311466	0
776	2.310357	0
777	2.309265	0
778	2.308189	0
779	2.307127	0
780	2.306079	0
781	2.305045	0
782	2.304025	0
783	2.303018	0
784	2.302024	0
785	2.301042	0
786	2.300072	0
787	2.299114	0
788	2.298167	0
789	2.297231	0
790	2.296306	0
791	2.295392	0
792	2.294489	0
793	2.293595	0
794	2.292711	0
795	2.291837	0
796	2.290973	0
797	2.290118	0
798	2.289271	0
799	2.288434	0
800	2.287606	0
801	2.286786	0
802	2.285974	0
803	2.285171	0
804	2.284376	0
805	2.283588	0
806	2.282809	0
807	2.282037	0
808	2.281272	0
809	2.280515	0
810	2.279765	0
811	2.279022	0
812	2.278286	0
813	2.277558	0
814	2.276835	0
815	2.27612	0
816	2.275411	0
817	2.274708	0
818	2.274012	0
819	2.273322	0
820	2.272638	0
821	2.27196	0
822	2.271287	0
823	2.270621	0
824	2.269961	0
825	2.269306	0
826	2.268657	0
827	2.268013	0
828	2.267375	0
829	2.266742	0
830	2.266114	0
831	2.265492	0
832	2.264875	0
833	2.264262	0
834	2.263655	0
835	2.263053	0
836	2.262455	0
837	2.261863	0
838	2.261275	0
839	2.260691	0
840	2.260113	0
841	2.259538	0
842	2.258969	0
843	2.258404	0
844	2.257843	0
845	2.257286	0
846	2.256734	0
847	2.256186	0
848	2.255641	0
849	2.255102	0
850	2.254566	0
851	2.254034	0
852	2.253506	0
853	2.252982	0
854	2.252462	0
855	2.251946	0
856	2.251434	0
857	2.250925	0
858	2.25042	0
859	2.249919	0
860	2.249421	0
861	2.248927	0
862	2.248436	0
863	2.247949	0
864	2.247465	0
865	2.246985	0
866	2.246508	0
867	2.246035	0
868	2.245564	0
869	2.245098	0
870	2.244634	0
871	2.244173	0
872	2.243716	0
873	2.243262	0
874	2.242811	0
875	2.242363	0
876	2.241918	0
877	2.241476	0
878	2.241037	0
879	2.240601	0
880	2.240168	0
881	2.239738	0
882	2.23931	0
883	2.238886	0
884	2.238464	0
885	2.238045	0
886	2.237629	0
887	2.237216	0
888	2.236805	0
889	2.236397	0
890	2.235991	0
891	2.235589	0
892	2.235189	0
893	2.234791	0
894	2.234396	0
895	2.234004	0
896	2.233614	0
897	2.233226	0
898	2.232841	0
899	2.232459	0
900	2.232079	0
901	2.231701	0
902	2.231325	0
903	2.230953	0
904	2.230582	0
905	2.230213	0
906	2.229847	0
907	2.229484	0
908	2.229122	0
909	2.228763	0
910	2.228406	0
911	2.228051	0
912	2.227698	0
913	2.227348	0
914	2.226999	0
915	2.226653	0
916	2.226309	0
917	2.225967	0
918	2.225627	0
919	2.225289	0
920	2.224953	0
921	2.224619	0
922	2.224287	0
923	2.223957	0
924	2.223629	0
925	2.223304	0
926	2.22298	0
927	2.222657	0
928	2.222337	0
929	2.222019	0
930	2.221703	0
931	2.221388	0
932	2.221076	0
933	2.220765	0
934	2.220456	0
935	2.220149	0
936	2.219843	0
937	2.21954	0
938	2.219238	0
939	2.218938	0
940	2.218639	0
941	2.218343	0
942	2.218048	0
943	2.217755	0
944	2.217463	0
945	2.217173	0
946	2.216885	0
947	2.216599	0
948	2.216314	0
949	2.216031	0
950	2.215749	0
951	2.215469	0
952	2.215191	0
953	2.214914	0
954	2.214638	0
955	2.214365	0
956	2.214093	0
957	2.213822	0
958	2.213553	0
959	2.213285	0
960	2.213019	0
961	2.212755	0
962	2.212492	0
963	2.21223	0
964	2.21197	0
965	2.211711	0
966	2.211454	0
967	2.211198	0
968	2.210944	0
969	2.210691	0
970	2.21044	0
971	2.210189	0
972	2.209941	0
973	2.209693	0
974	2.209447	0
975	2.209203	0
976	2.208959	0
977	2.208717	0
978	2.208477	0
979	2.208237	0
980	2.207999	0
981	2.207763	0
982	2.207527	0
983	2.207293	0
984	2.20706	0
985	2.206829	0
986	2.206599	0
987	2.20637	0
988	2.206142	0
989	2.205915	0
990	2.20569	0
991	2.205466	0
992	2.205243	0
993	2.205021	0
994	2.204801	0
995	2.204582	0
996	2.204364	0
997	2.204147	0
998	2.203931	0
999	2.203717	0
1000	2.203503	0
1002.5	2.202975	0
1005	2.202453	0
1007.5	2.201939	0
1010	2.201431	0
1012.5	2.200931	0
1015	2.200436	0
1017.5	2.199949	0
1020	2.199468	0
1022.5	2.198993	0
1025	2.198525	0
1027.5	2.198062	0
1030	2.197606	0
1032.5	2.197156	0
1035	2.196712	0
1037.5	2.196274	0
1040	2.195842	0
1042.5	2.195415	0
1045	2.194993	0
1047.5	2.194578	0
1050	2.194168	0
1052.5	2.193763	0
1055	2.193363	0
1057.5	2.192969	0
1060	2.19258	0
1062.5	2.192196	0
1065	2.191817	0
1067.5	2.191443	0
1070	2.191074	0
1072.5	2.19071	0
1075	2.190351	0
1077.5	2.189996	0
1080	2.189646	0
1082.5	2.189301	0
1085	2.18896	0
1087.5	2.188624	0
1090	2.188292	0
1092.5	2.187965	0
1095	2.187641	0
1097.5	2.187323	0
1100	2.187008	0
1102.5	2.186698	0
1105	2.186391	0
1107.5	2.186089	0
1110	2.185791	0
1112.5	2.185497	0
1115	2.185207	0
1117.5	2.18492	0
1120	2.184638	0
1122.5	2.184359	0
1125	2.184084	0
1127.5	2.183813	0
1130	2.183546	0
1132.5	2.183282	0
1135	2.183022	0
1137.5	2.182765	0
1140	2.182512	0
1142.5	2.182262	0
1145	2.182016	0
1147.5	2.181773	0
1150	2.181534	0
1152.5	2.181297	0
1155	2.181065	0
1157.5	2.180835	0
1160	2.180609	0
1162.5	2.180385	0
1165	2.180166	0
1167.5	2.179949	0
1170	2.179735	0
1172.5	2.179524	0
1175	2.179317	0
1177.5	2.179112	0
1180	2.17891	0
1182.5	2.178711	0
1185	2.178515	0
1187.5	2.178323	0
1190	2.178132	0
1192.5	2.177945	0
1195	2.177761	0
1197.5	2.177579	0
1200	2.1774	0
1202.5	2.177224	0
1205	2.17705	0
1207.5	2.176879	0
1210	2.176711	0
1212.5	2.176545	0
1215	2.176382	0
1217.5	2.176221	0
1220	2.176064	0
1222.5	2.175908	0
1225	2.175755	0
1227.5	2.175605	0
1230	2.175457	0
1232.5	2.175311	0
1235	2.175168	0
1237.5	2.175027	0
1240	2.174888	0
1242.5	2.174752	0
1245	2.174618	0
1247.5	2.174487	0
1250	2.174357	0
1252.5	2.17423	0
1255	2.174105	0
1257.5	2.173983	0
1260	2.173862	0
1262.5	2.173744	0
1265	2.173628	0
1267.5	2.173514	0
1270	2.173402	0
1272.5	2.173293	0
1275	2.173185	0
1277.5	2.173079	0
1280	2.172976	0
1282.5	2.172874	0
1285	2.172775	0
1287.5	2.172678	0
1290	2.172582	0
1292.5	2.172488	0
1295	2.172397	0
1297.5	2.172307	0
1300	2.17222	0
1302.5	2.172134	0
1305	2.17205	0
1307.5	2.171968	0
1310	2.171887	0
1312.5	2.171809	0
1315	2.171732	0
1317.5	2.171658	0
1320	2.171585	0
1322.5	2.171514	0
1325	2.171444	0
1327.5	2.171376	0
1330	2.171311	0
1332.5	2.171246	0
